bweforvideo-googAvailableReceiveBandwidth,0.0,0.0,0.0,0.0,0.0,0.0,0.0,0.0,0.0,0.0,0.0,0.0,0.0,0.0,0.0,0.0,0.0,0.0,0.0,0.0,0.0,0.0,0.0,0.0,0.0,0.0,0.0,0.0,0.0,0.0,0.0,0.0,0.0,0.0,0.0,0.0,0.0,0.0,0.0,0.0,0.0,0.0,0.0,0.0,0.0,0.0,0.0,0.0,0.0,0.0,0.0,0.0,0.0,0.0,0.0,0.0,0.0,0.0,0.0,0.0,0.0,0.0,0.0,0.0,0.0,0.0,0.0,0.0,0.0,0.0,0.0,0.0,0.0,0.0,0.0,0.0,0.0,0.0,0.0,0.0,0.0,0.0,0.0,0.0,0.0,0.0,0.0,0.0,0.0,0.0,0.0,0.0,0.0,0.0,0.0,0.0,0.0,0.0,0.0,0.0,0.0,0.0,0.0,0.0,0.0,0.0,0.0,0.0,0.0,0.0,0.0,0.0,0.0,0.0,0.0,0.0,0.0,0.0,0.0,0.0,0.0,0.0,0.0,0.0,0.0,0.0,0.0,0.0,0.0,0.0,0.0,0.0,0.0,0.0,0.0,0.0,0.0,0.0,0.0,0.0,0.0,0.0,0.0,0.0,0.0,0.0,0.0,0.0,0.0,0.0,0.0,0.0,0.0,0.0,0.0,0.0,0.0,0.0,0.0,0.0,0.0,0.0,0.0,0.0,0.0,0.0,0.0,0.0,0.0,0.0,0.0,0.0,0.0,0.0,0.0,0.0,0.0,0.0,0.0,0.0,0.0,0.0,0.0,0.0,0.0,0.0,0.0,0.0,0.0,0.0,0.0,0.0,0.0,0.0,0.0,0.0,0.0,0.0
bweforvideo-googAvailableSendBandwidth,123324.0,109835.0,119622.0,130192.0,141607.0,153936.0,167251.0,181631.0,197161.0,213934.0,232049.0,251613.0,272742.0,295561.0,279397.0,279397.0,279397.0,279397.0,259726.0,259726.0,259726.0,219143.0,219143.0,219143.0,237674.0,214927.0,214927.0,214927.0,214927.0,161195.0,161195.0,161195.0,175091.0,190098.0,206306.0,223810.0,242715.0,263132.0,263132.0,248228.0,248228.0,248228.0,222532.0,241335.0,241335.0,241335.0,181001.0,181001.0,181001.0,183049.0,198693.0,215588.0,233835.0,208716.0,208716.0,226413.0,226413.0,226413.0,200322.0,200322.0,217348.0,182113.0,182113.0,182113.0,182113.0,160060.0,157774.0,164334.0,165494.0,169634.0,173650.0,177490.0,181626.0,185106.0,189662.0,193674.0,197722.0,201718.0,205706.0,190158.0,190158.0,190158.0,184710.0,184710.0,200487.0,217526.0,200106.0,217114.0,235483.0,235483.0,216143.0,216143.0,234434.0,234434.0,206503.0,206503.0,224023.0,224023.0,196020.0,212702.0,212702.0,201485.0,218604.0,237092.0,237092.0,224126.0,224126.0,224126.0,224126.0,206179.0,206179.0,223673.0,224563.0,224563.0,224563.0,224563.0,227422.0,227422.0,227422.0,227422.0,246616.0,235493.0,235493.0,235493.0,235493.0,214795.0,214795.0,214795.0,203467.0,203467.0,203467.0,203467.0,29082.0,30966.0,34443.0,38198.0,29614.0,30510.0,30510.0,32974.0,36442.0,40357.0,44586.0,48698.0,52306.0,55890.0,60162.0,63830.0,69936.0,76531.0,53808.0,53808.0,53808.0,54288.0,58416.0,62284.0,66408.0,69840.0,74224.0,78216.0,82292.0,89875.0,98065.0,106910.0,116095.0,81689.0,55239.0,55239.0,55239.0,59103.0,63111.0,66707.0,71371.0,75371.0,78827.0,55965.0,38835.0,38835.0,38835.0,40899.0,44039.0,48063.0,51771.0,56499.0,60307.0,64299.0,68495.0,72155.0,76431.0,80231.0,42749.0,38656.0,38656.0,38656.0,40456.0,43928.0,46736.0,51475.0
bweforvideo-googBucketDelay,0.0,0.0,0.0,0.0,0.0,0.0,0.0,0.0,0.0,0.0,0.0,0.0,0.0,0.0,0.0,0.0,0.0,0.0,0.0,0.0,0.0,0.0,0.0,0.0,10.0,0.0,0.0,59.0,38.0,0.0,0.0,0.0,0.0,0.0,0.0,0.0,0.0,0.0,0.0,7.0,0.0,26.0,0.0,0.0,0.0,0.0,0.0,0.0,0.0,0.0,0.0,0.0,0.0,0.0,0.0,0.0,0.0,0.0,0.0,0.0,11.0,0.0,0.0,0.0,0.0,0.0,0.0,0.0,0.0,0.0,0.0,1.0,0.0,0.0,0.0,0.0,0.0,0.0,0.0,0.0,0.0,0.0,0.0,0.0,0.0,0.0,0.0,0.0,0.0,14.0,0.0,0.0,0.0,0.0,0.0,0.0,0.0,0.0,0.0,15.0,0.0,0.0,31.0,0.0,0.0,0.0,0.0,32.0,0.0,0.0,0.0,0.0,0.0,0.0,0.0,0.0,0.0,0.0,0.0,0.0,0.0,0.0,0.0,0.0,0.0,0.0,0.0,0.0,0.0,0.0,0.0,0.0,0.0,14.0,0.0,36.0,0.0,0.0,0.0,0.0,0.0,0.0,0.0,0.0,0.0,0.0,0.0,14.0,0.0,0.0,0.0,0.0,0.0,0.0,0.0,0.0,0.0,0.0,0.0,0.0,0.0,0.0,0.0,0.0,0.0,0.0,0.0,0.0,0.0,0.0,0.0,0.0,0.0,0.0,0.0,0.0,0.0,0.0,42.0,16.0,0.0,0.0,0.0,0.0,0.0,0.0,0.0,0.0,0.0,0.0,10.0,36.0,16.0,0.0,0.0,0.0,0.0,0.0
timestamp,1546024982,1546024983,1546024984,1546024985,1546024986,1546024987,1546024988,1546024989,1546024990,1546024991,1546024992,1546024993,1546024994,1546024995,1546024996,1546024997,1546024998,1546024999,1546025000,1546025001,1546025002,1546025003,1546025004,1546025005,1546025006,1546025007,1546025008,1546025009,1546025010,1546025011,1546025012,1546025013,1546025014,1546025015,1546025016,1546025017,1546025018,1546025019,1546025020,1546025021,1546025022,1546025023,1546025024,1546025025,1546025026,1546025027,1546025028,1546025029,1546025030,1546025031,1546025032,1546025033,1546025034,1546025035,1546025036,1546025037,1546025038,1546025039,1546025040,1546025041,1546025042,1546025043,1546025044,1546025045,1546025046,1546025047,1546024982,1546024983,1546024984,1546024985,1546024986,1546024987,1546024988,1546024989,1546024990,1546024991,1546024992,1546024993,1546024994,1546024995,1546024996,1546024997,1546024998,1546024999,1546025000,1546025001,1546025002,1546025003,1546025004,1546025005,1546025006,1546025007,1546025008,1546025009,1546025010,1546025011,1546025012,1546025013,1546025014,1546025015,1546025016,1546025017,1546025018,1546025019,1546025020,1546025021,1546025022,1546025023,1546025024,1546025025,1546025026,1546025027,1546025028,1546025029,1546025030,1546025031,1546025032,1546025033,1546025034,1546025035,1546025036,1546025037,1546025038,1546025039,1546025040,1546025041,1546025042,1546025043,1546025044,1546025045,1546025046,1546025047,1546024982,1546024983,1546024984,1546024985,1546024986,1546024987,1546024988,1546024989,1546024990,1546024991,1546024992,1546024993,1546024994,1546024995,1546024996,1546024997,1546024998,1546024999,1546025000,1546025001,1546025002,1546025003,1546025004,1546025005,1546025006,1546025007,1546025008,1546025009,1546025010,1546025011,1546025012,1546025013,1546025014,1546025015,1546025016,1546025017,1546025018,1546025019,1546025020,1546025021,1546025022,1546025023,1546025024,1546025025,1546025026,1546025027,1546025028,1546025029,1546025030,1546025031,1546025032,1546025033,1546025034,1546025035,1546025036,1546025037,1546025038,1546025039,1546025040,1546025041,1546025042,1546025043,1546025044,1546025045,1546025046,1546025047
audio_bitsReceivedPerSecond,238272.0,247536.0,251760.0,238913.0869130869,271759.75975975976,261754.24575424576,222382.38238238238,208384.0,219883.8838838839,189258.74125874127,232440.0,230952.0,273344.0,281001.001001001,295176.82317682315,283176.0,295664.0,282306.30630630633,258424.0,319840.1598401598,263688.0,274880.0,247320.0,248368.0,247623.62362362363,258525.47452547454,285557.55755755753,300267.73226773227,320720.0,309768.0,316192.0,300792.0,343224.0,266408.0,333621.6216216216,271280.0,268208.0,231152.84715284716,218000.0,218656.0,301096.0,278056.0,267368.0,254456.0,278712.0,241224.0,231904.0,230216.0,215040.0,186200.0,219448.0,248584.0,272424.0,280848.0,283328.0,306744.0,284168.0,292232.0,263568.0,299808.0,250770.77077077076,265606.3936063936,224032.03203203203,223400.5994005994,198216.0,297368.0,0.0,187040.85257548845,207760.7973421927,247816.0,154960.0,156176.0,215176.0,242624.0,252192.0,259152.0,196968.0,273697.6976976977,288408.0,288992.0,205128.0,196624.0,223472.0,228808.0,287200.0,243888.0,235148.85114885116,269149.14914914913,263352.0,271592.0,209600.0,243552.0,243600.0,287552.0,291528.0,317496.0,321864.0,295592.0,277296.0,294337.66233766236,285381.38138138136,247608.0,246728.0,300848.0,273360.0,274032.0,187640.0,244712.0,184000.0,310662.6626626627,243312.0,218872.0,253544.0,248512.0,260739.26073926073,243600.0,240992.0,270022.02202202205,306288.0,273302.6973026973,230126.12612612612,273264.0,248608.0,256544.0,299868.13186813187,250850.85085085084,255672.32767232766,232632.0,264072.0,271071.0710710711,257944.0,276883.1168831169,398648.0,375696.3036963037,337520.0,364348.34834834834,353848.0,333330.66933066933,298720.0,379995.995995996,320152.0,360112.0,333314.68531468534,314962.962962963,405576.0,412003.996003996,394648.0,283432.0,360896.8968968969,311600.0,368232.0,344631.3686313686,359839.83983983984,365890.1098901099,399103.1031031031,300107.8921078921,298770.7707707708,305128.0,333072.0,353264.0,393790.2097902098,376576.57657657657,404160.0,378072.0,354128.0,363928.0,374816.0,370677.32267732266,380692.6926926927,298720.0,390264.0,288560.0,339312.0,356131.86813186813,261917.91791791792,329024.0,356592.0,374153.8461538461,370040.0,383232.0,322338.33833833836,333200.0,304776.0,362048.0,372848.0,407240.0,353616.0,353494.5054945055,322976.0,365349.34934934933,395028.971028971,386770.7707707708,383008.991008991,401129.1291291291,337446.5534465535,359976.0,336392.3923923924,402232.0
audio_bitsSentPerSecond,148192.0,147040.0,119112.0,151712.2877122877,177897.8978978979,170445.55444555444,210146.14614614614,205552.0,214094.0940940941,249870.12987012987,226872.0,220856.0,221688.0,208520.5205205205,138573.42657342658,176984.0,102776.0,218178.17817817818,225360.0,201566.43356643355,172496.0,213408.0,209152.0,213800.0,176504.5045045045,152927.07292707294,112336.33633633633,222241.75824175825,193976.0,199304.0,169608.0,170928.0,180584.0,215216.0,235731.73173173174,212040.0,201976.0,228211.78821178823,183720.0,203952.0,184008.0,139024.0,109992.0,217312.0,197472.0,194344.0,236232.0,181608.0,187776.0,221848.0,169208.0,205720.0,218992.0,192640.0,192584.0,103432.0,172432.0,194696.0,191488.0,203704.0,217137.13713713715,202661.33866133867,195987.987987988,212739.26073926073,197816.0,198152.0,0.0,210088.80994671403,186471.7607973422,226664.0,208976.0,212696.0,220312.0,233848.0,229848.0,201832.0,147680.0,207679.67967967968,198696.0,223824.0,198728.0,194352.0,222504.0,176168.0,213520.0,196448.0,216735.26473526473,208264.26426426426,138360.0,177720.0,150416.0,185456.0,195896.0,210584.0,194632.0,202400.0,204232.0,206384.0,207760.0,219988.01198801197,206766.76676676676,189624.0,172728.0,168312.0,146232.0,160392.0,225624.0,153456.0,184423.57642357642,212524.52452452452,220328.0,184992.0,202152.0,144200.0,150529.47052947053,158632.0,203664.0,203419.41941941943,201544.0,209974.02597402598,202242.24224224224,203744.0,216992.0,188160.0,212051.94805194804,206870.87087087086,196395.6043956044,182168.0,153408.0,177193.1931931932,160248.0,196539.46053946053,49904.0,60843.156843156845,59576.0,64208.208208208205,56848.0,58621.37862137862,55992.0,59499.4994994995,62856.0,68432.0,70241.75824175825,65449.44944944945,76288.0,87040.95904095905,96368.0,91712.0,91195.19519519519,104688.0,108488.0,98629.37062937063,70822.82282282283,82893.10689310689,83475.47547547547,97910.08991008991,102046.04604604605,102128.0,100520.0,105992.0,117514.48551448551,124308.3083083083,121496.0,118856.0,153272.0,131000.0,116768.0,89102.8971028971,70310.3103103103,89736.0,93944.0,89912.0,100536.0,95040.95904095905,119863.86386386387,104624.0,79464.0,73638.36163836163,59752.0,62520.0,68220.22022022022,79944.0,69880.0,75304.0,83520.0,101200.0,99936.0,104911.08891108891,113992.0,108788.78878878879,113094.9050949051,62214.21421421421,67100.8991008991,63911.91191191191,58693.306693306695,76472.0,75411.4114114114,90032.0
audio_packetsSentPerSecond,103.0,107.0,128.0,132.86713286713288,133.13313313313313,132.86713286713288,138.13813813813815,136.0,133.13313313313313,133.86613386613388,135.0,159.0,171.0,184.18418418418418,169.83016983016984,177.0,167.0,172.17217217217217,150.0,151.84815184815184,146.0,143.0,140.0,150.0,149.14914914914914,144.85514485514486,143.14314314314313,147.85214785214785,153.0,142.0,119.0,129.0,136.0,145.0,151.15115115115114,142.0,146.0,153.84615384615384,175.0,157.0,154.0,171.0,150.0,139.0,142.0,151.0,145.0,137.0,139.0,138.0,134.0,137.0,136.0,146.0,137.0,138.0,141.0,142.0,147.0,143.0,139.13913913913913,141.85814185814186,132.13213213213214,137.86213786213787,134.0,142.0,0.0,130.25458851391355,132.89036544850498,133.0,130.0,129.0,132.0,135.0,137.0,133.0,132.0,133.13313313313313,136.0,141.0,138.0,133.0,134.0,137.0,135.0,135.0,138.86113886113887,136.13613613613614,142.0,136.0,137.0,142.0,146.0,143.0,142.0,136.0,146.0,139.0,138.0,138.86113886113887,144.14414414414415,140.0,147.0,152.0,121.0,129.0,139.0,146.0,147.85214785214785,140.14014014014015,134.0,124.0,140.0,136.0,142.85714285714286,141.0,136.0,146.14614614614615,154.0,137.86213786213787,141.14114114114113,145.0,138.0,138.0,136.86313686313687,141.14114114114113,139.86013986013987,139.0,139.0,143.14314314314313,140.0,142.85714285714286,70.0,73.92607392607393,71.0,74.07407407407408,70.0,68.93106893106894,68.0,70.07007007007007,73.0,69.0,67.93206793206794,79.07907907907908,92.0,101.8981018981019,85.0,92.0,83.08308308308308,97.0,110.0,80.91908091908093,70.07007007007007,96.90309690309691,96.09609609609609,114.88511488511489,87.08708708708708,101.0,87.0,97.0,113.88611388611389,99.09909909909909,99.0,122.0,126.0,127.0,104.0,86.91308691308691,77.07707707707708,83.0,94.0,78.0,79.0,102.8971028971029,112.11211211211211,113.0,79.0,74.92507492507492,68.0,72.0,72.07207207207207,71.0,69.0,80.0,100.0,119.0,92.0,104.8951048951049,93.0,95.09509509509509,110.8891108891109,72.07207207207207,70.92907092907093,74.07407407407408,73.92607392607393,90.0,80.08008008008008,83.0
audio_googLocalAddress,35.204.32.26:33947,35.204.32.26:33947,35.204.32.26:33947,35.204.32.26:33947,35.204.32.26:33947,35.204.32.26:33947,35.204.32.26:33947,35.204.32.26:33947,35.204.32.26:33947,35.204.32.26:33947,35.204.32.26:33947,35.204.32.26:33947,35.204.32.26:33947,35.204.32.26:33947,35.204.32.26:33947,35.204.32.26:33947,35.204.32.26:33947,35.204.32.26:33947,35.204.32.26:33947,35.204.32.26:33947,35.204.32.26:33947,35.204.32.26:33947,35.204.32.26:33947,35.204.32.26:33947,35.204.32.26:33947,35.204.32.26:33947,35.204.32.26:33947,35.204.32.26:33947,35.204.32.26:33947,35.204.32.26:33947,35.204.32.26:33947,35.204.32.26:33947,35.204.32.26:33947,35.204.32.26:33947,35.204.32.26:33947,35.204.32.26:33947,35.204.32.26:33947,35.204.32.26:33947,35.204.32.26:33947,35.204.32.26:33947,35.204.32.26:33947,35.204.32.26:33947,35.204.32.26:33947,35.204.32.26:33947,35.204.32.26:33947,35.204.32.26:33947,35.204.32.26:33947,35.204.32.26:33947,35.204.32.26:33947,35.204.32.26:33947,35.204.32.26:33947,35.204.32.26:33947,35.204.32.26:33947,35.204.32.26:33947,35.204.32.26:33947,35.204.32.26:33947,35.204.32.26:33947,35.204.32.26:33947,35.204.32.26:33947,35.204.32.26:33947,35.204.32.26:33947,35.204.32.26:33947,35.204.32.26:33947,35.204.32.26:33947,35.204.32.26:33947,35.204.32.26:33947,35.204.92.114:37637,35.204.92.114:37637,35.204.92.114:37637,35.204.92.114:37637,35.204.92.114:37637,35.204.92.114:37637,35.204.92.114:37637,35.204.92.114:37637,35.204.92.114:37637,35.204.92.114:37637,35.204.92.114:37637,35.204.92.114:37637,35.204.92.114:37637,35.204.92.114:37637,35.204.92.114:37637,35.204.92.114:37637,35.204.92.114:37637,35.204.92.114:37637,35.204.92.114:37637,35.204.92.114:37637,35.204.92.114:37637,35.204.92.114:37637,35.204.92.114:37637,35.204.92.114:37637,35.204.92.114:37637,35.204.92.114:37637,35.204.92.114:37637,35.204.92.114:37637,35.204.92.114:37637,35.204.92.114:37637,35.204.92.114:37637,35.204.92.114:37637,35.204.92.114:37637,35.204.92.114:37637,35.204.92.114:37637,35.204.92.114:37637,35.204.92.114:37637,35.204.92.114:37637,35.204.92.114:37637,35.204.92.114:37637,35.204.92.114:37637,35.204.92.114:37637,35.204.92.114:37637,35.204.92.114:37637,35.204.92.114:37637,35.204.92.114:37637,35.204.92.114:37637,35.204.92.114:37637,35.204.92.114:37637,35.204.92.114:37637,35.204.92.114:37637,35.204.92.114:37637,35.204.92.114:37637,35.204.92.114:37637,35.204.92.114:37637,35.204.92.114:37637,35.204.92.114:37637,35.204.92.114:37637,35.204.92.114:37637,35.204.92.114:37637,35.204.92.114:37637,35.204.92.114:37637,35.204.92.114:37637,35.204.92.114:37637,35.204.92.114:37637,35.204.92.114:37637,35.204.47.190:50872,35.204.47.190:50872,35.204.47.190:50872,35.204.47.190:50872,35.204.47.190:50872,35.204.47.190:50872,35.204.47.190:50872,35.204.47.190:50872,35.204.47.190:50872,35.204.47.190:50872,35.204.47.190:50872,35.204.47.190:50872,35.204.47.190:50872,35.204.47.190:50872,35.204.47.190:50872,35.204.47.190:50872,35.204.47.190:50872,35.204.47.190:50872,35.204.47.190:50872,35.204.47.190:50872,35.204.47.190:50872,35.204.47.190:50872,35.204.47.190:50872,35.204.47.190:50872,35.204.47.190:50872,35.204.47.190:50872,35.204.47.190:50872,35.204.47.190:50872,35.204.47.190:50872,35.204.47.190:50872,35.204.47.190:50872,35.204.47.190:50872,35.204.47.190:50872,35.204.47.190:50872,35.204.47.190:50872,35.204.47.190:50872,35.204.47.190:50872,35.204.47.190:50872,35.204.47.190:50872,35.204.47.190:50872,35.204.47.190:50872,35.204.47.190:50872,35.204.47.190:50872,35.204.47.190:50872,35.204.47.190:50872,35.204.47.190:50872,35.204.47.190:50872,35.204.47.190:50872,35.204.47.190:50872,35.204.47.190:50872,35.204.47.190:50872,35.204.47.190:50872,35.204.47.190:50872,35.204.47.190:50872,35.204.47.190:50872,35.204.47.190:50872,35.204.47.190:50872,35.204.47.190:50872,35.204.47.190:50872,35.204.47.190:50872,35.204.47.190:50872,35.204.47.190:50872,35.204.47.190:50872,35.204.47.190:50872,35.204.47.190:50872,35.204.47.190:50872
audio_googRemoteAddress,35.159.17.120:10000,35.159.17.120:10000,35.159.17.120:10000,35.159.17.120:10000,35.159.17.120:10000,35.159.17.120:10000,35.159.17.120:10000,35.159.17.120:10000,35.159.17.120:10000,35.159.17.120:10000,35.159.17.120:10000,35.159.17.120:10000,35.159.17.120:10000,35.159.17.120:10000,35.159.17.120:10000,35.159.17.120:10000,35.159.17.120:10000,35.159.17.120:10000,35.159.17.120:10000,35.159.17.120:10000,35.159.17.120:10000,35.159.17.120:10000,35.159.17.120:10000,35.159.17.120:10000,35.159.17.120:10000,35.159.17.120:10000,35.159.17.120:10000,35.159.17.120:10000,35.159.17.120:10000,35.159.17.120:10000,35.159.17.120:10000,35.159.17.120:10000,35.159.17.120:10000,35.159.17.120:10000,35.159.17.120:10000,35.159.17.120:10000,35.159.17.120:10000,35.159.17.120:10000,35.159.17.120:10000,35.159.17.120:10000,35.159.17.120:10000,35.159.17.120:10000,35.159.17.120:10000,35.159.17.120:10000,35.159.17.120:10000,35.159.17.120:10000,35.159.17.120:10000,35.159.17.120:10000,35.159.17.120:10000,35.159.17.120:10000,35.159.17.120:10000,35.159.17.120:10000,35.159.17.120:10000,35.159.17.120:10000,35.159.17.120:10000,35.159.17.120:10000,35.159.17.120:10000,35.159.17.120:10000,35.159.17.120:10000,35.159.17.120:10000,35.159.17.120:10000,35.159.17.120:10000,35.159.17.120:10000,35.159.17.120:10000,35.159.17.120:10000,35.159.17.120:10000,35.159.17.120:10000,35.159.17.120:10000,35.159.17.120:10000,35.159.17.120:10000,35.159.17.120:10000,35.159.17.120:10000,35.159.17.120:10000,35.159.17.120:10000,35.159.17.120:10000,35.159.17.120:10000,35.159.17.120:10000,35.159.17.120:10000,35.159.17.120:10000,35.159.17.120:10000,35.159.17.120:10000,35.159.17.120:10000,35.159.17.120:10000,35.159.17.120:10000,35.159.17.120:10000,35.159.17.120:10000,35.159.17.120:10000,35.159.17.120:10000,35.159.17.120:10000,35.159.17.120:10000,35.159.17.120:10000,35.159.17.120:10000,35.159.17.120:10000,35.159.17.120:10000,35.159.17.120:10000,35.159.17.120:10000,35.159.17.120:10000,35.159.17.120:10000,35.159.17.120:10000,35.159.17.120:10000,35.159.17.120:10000,35.159.17.120:10000,35.159.17.120:10000,35.159.17.120:10000,35.159.17.120:10000,35.159.17.120:10000,35.159.17.120:10000,35.159.17.120:10000,35.159.17.120:10000,35.159.17.120:10000,35.159.17.120:10000,35.159.17.120:10000,35.159.17.120:10000,35.159.17.120:10000,35.159.17.120:10000,35.159.17.120:10000,35.159.17.120:10000,35.159.17.120:10000,35.159.17.120:10000,35.159.17.120:10000,35.159.17.120:10000,35.159.17.120:10000,35.159.17.120:10000,35.159.17.120:10000,35.159.17.120:10000,35.159.17.120:10000,35.159.17.120:10000,35.159.17.120:10000,35.159.17.120:10000,35.159.17.120:10000,35.159.17.120:10000,35.159.17.120:10000,35.159.17.120:10000,35.159.17.120:10000,35.159.17.120:10000,35.159.17.120:10000,35.159.17.120:10000,35.159.17.120:10000,35.159.17.120:10000,35.159.17.120:10000,35.159.17.120:10000,35.159.17.120:10000,35.159.17.120:10000,35.159.17.120:10000,35.159.17.120:10000,35.159.17.120:10000,35.159.17.120:10000,35.159.17.120:10000,35.159.17.120:10000,35.159.17.120:10000,35.159.17.120:10000,35.159.17.120:10000,35.159.17.120:10000,35.159.17.120:10000,35.159.17.120:10000,35.159.17.120:10000,35.159.17.120:10000,35.159.17.120:10000,35.159.17.120:10000,35.159.17.120:10000,35.159.17.120:10000,35.159.17.120:10000,35.159.17.120:10000,35.159.17.120:10000,35.159.17.120:10000,35.159.17.120:10000,35.159.17.120:10000,35.159.17.120:10000,35.159.17.120:10000,35.159.17.120:10000,35.159.17.120:10000,35.159.17.120:10000,35.159.17.120:10000,35.159.17.120:10000,35.159.17.120:10000,35.159.17.120:10000,35.159.17.120:10000,35.159.17.120:10000,35.159.17.120:10000,35.159.17.120:10000,35.159.17.120:10000,35.159.17.120:10000,35.159.17.120:10000,35.159.17.120:10000,35.159.17.120:10000,35.159.17.120:10000,35.159.17.120:10000,35.159.17.120:10000,35.159.17.120:10000,35.159.17.120:10000,35.159.17.120:10000,35.159.17.120:10000,35.159.17.120:10000,35.159.17.120:10000,35.159.17.120:10000,35.159.17.120:10000,35.159.17.120:10000,35.159.17.120:10000
audio_googRtt,3605.0,3499.0,3499.0,3297.0,3297.0,3017.0,3017.0,2870.0,2870.0,2870.0,2770.0,2770.0,2770.0,2844.0,2844.0,2844.0,2844.0,2844.0,2844.0,2844.0,2844.0,2844.0,2844.0,2904.0,3000.0,3000.0,3121.0,3121.0,3121.0,3121.0,3121.0,3121.0,3121.0,3121.0,3081.0,3023.0,2956.0,2956.0,2986.0,2986.0,2986.0,2986.0,2986.0,2986.0,3183.0,3183.0,3179.0,3179.0,3151.0,3151.0,3151.0,3135.0,3135.0,3131.0,3131.0,3131.0,3131.0,3131.0,3131.0,3223.0,3223.0,3211.0,3211.0,3186.0,3186.0,3186.0,2237.0,2106.0,2106.0,2106.0,2015.0,2015.0,2015.0,2054.0,2054.0,2054.0,2054.0,2352.0,2352.0,2595.0,2595.0,2712.0,2712.0,2712.0,2825.0,2825.0,2885.0,2885.0,2885.0,2885.0,3102.0,3102.0,3102.0,3102.0,3119.0,3119.0,3119.0,3126.0,3126.0,3126.0,3126.0,3108.0,3108.0,3108.0,3108.0,3327.0,3327.0,3435.0,3435.0,3395.0,3395.0,3395.0,3315.0,3315.0,3315.0,3418.0,3418.0,3418.0,3418.0,3346.0,3346.0,3346.0,3281.0,3281.0,3257.0,3257.0,3257.0,3214.0,3214.0,3214.0,3389.0,3389.0,113.0,113.0,91.0,91.0,91.0,75.0,75.0,63.0,63.0,63.0,54.0,54.0,47.0,47.0,47.0,42.0,42.0,38.0,38.0,38.0,35.0,35.0,33.0,33.0,33.0,31.0,31.0,30.0,30.0,30.0,29.0,29.0,28.0,28.0,28.0,27.0,27.0,27.0,27.0,27.0,27.0,27.0,27.0,27.0,27.0,27.0,27.0,27.0,27.0,27.0,27.0,27.0,27.0,27.0,27.0,26.0,26.0,26.0,26.0,26.0,26.0,26.0,26.0,26.0,26.0,26.0
audio_recv_bitsReceivedPerSecond,22184.0,24272.0,23072.0,22377.622377622378,19555.555555555555,22473.52647352647,18914.914914914916,16168.0,16328.328328328329,13378.62137862138,14736.0,16048.0,19728.0,21285.285285285285,20739.26073926074,20232.0,19992.0,17009.00900900901,21648.0,19676.323676323675,20552.0,19280.0,16504.0,14816.0,14286.286286286286,14537.462537462538,18562.56256256256,18941.058941058942,18632.0,18992.0,18664.0,16688.0,20320.0,17496.0,20484.484484484485,19456.0,18576.0,9614.385614385614,14632.0,10824.0,17664.0,15328.0,16560.0,24416.0,16592.0,23592.0,20192.0,14648.0,14288.0,16736.0,17704.0,16488.0,19592.0,17648.0,19040.0,19136.0,17312.0,18152.0,23272.0,19880.0,18666.666666666668,20307.69230769231,14990.990990990991,14401.598401598401,13544.0,17120.0,7424.0,7432.0,7424.0,3796.203796203796,11123.123123123123,7424.575424575424,7463.463463463463,7328.0,6598.598598598599,7560.43956043956,7520.0,7648.0,7384.0,7279.279279279279,7360.63936063936,7440.0,6960.0,6966.9669669669665,3472.0,10421.578421578422,7032.0,7000.0,6952.0,6928.0,6934.934934934935,6969.030969030969,6966.9669669669665,6953.046953046953,6944.0,6976.0,6928.0,6976.0,7352.0,3464.0,10426.426426426426,6960.0,6984.0,6993.006993006993,7208.0,7000.0,6936.0,6912.0,7096.0,3504.0,10480.0,7024.0,6944.0,7096.0,7184.0,7032.0,6888.0,6096.0,6944.0,6984.0,7104.0,6944.0,7016.0,6968.0,2784.0,10480.0,6974.974974974975,6921.078921078921,6958.958958958959,7688.311688311688,6920.0,6896.0,0.0,6597.986974541149,6325.581395348837,9296.0,7424.0,7448.0,7464.0,7392.0,6616.0,7496.0,7616.0,7519.519519519519,7304.0,7312.0,7448.0,7176.0,6952.0,3480.0,9536.0,7896.0,6993.006993006993,6982.982982982983,6952.0,6912.0,6960.0,6976.0,6960.0,6944.0,6960.0,6952.0,6936.0,7176.0,3680.0,6929.070929070929,10434.434434434434,6952.0,7016.0,7216.0,7008.0,6944.0,6936.0,6896.0,3644.3556443556445,10466.466466466467,7040.0,6992.0,6968.0,7264.0,6865.134865134865,7128.0,6040.0,6958.958958958959,6992.0,6953.046953046953,7095.0950950950955,7000.0,6960.0,3496.0,9750.24975024975,6982.982982982983,6969.030969030969,6992.0,7408.0,7199.199199199199,6880.0,6881.118881118881,0.0,27296.625222024868,29980.066445182725,30832.0,17728.0,14432.0,23160.0,23544.0,21448.0,16160.0,13944.0,18098.098098098097,17904.0,19984.0,11912.0,11608.0,12672.0,16192.0,13304.0,13376.0,18485.514485514486,15255.255255255255,17160.0,16032.0,10136.0,14592.0,14144.0,19288.0,15872.0,17384.0,17736.0,21656.0,23264.0,24583.416583416583,23255.255255255255,22392.0,13712.0,19152.0,19744.0,16152.0,8808.0,9864.0,14201.798201798201,19667.66766766767,15880.0,19448.0,16080.0,19672.0,19628.371628371628,19888.0,22040.0,21685.685685685687,18632.0,20123.876123876125,14366.366366366366,16288.0,11728.0,20424.0,18221.778221778222,20836.836836836836,17678.321678321678,16160.0,20120.0,19907.90790790791,21552.0,21234.765234765237,19840.0,22417.582417582416,22624.0,22710.71071071071,20720.0,22793.206793206795,19056.0,20724.724724724725,11536.0,16664.0,13410.589410589411,15167.167167167167,19312.0,20091.90809190809,19880.0,18184.0,22774.774774774774,18632.0,19800.0,19260.73926073926,20884.884884884887,20523.476523476522,19979.97997997998,11788.21178821179,14478.478478478479,14280.0,20016.0,19432.0,15848.151848151849,20596.596596596595,16936.0,16904.0,19680.0,20392.0,18048.0,19540.459540459542,20140.14014014014,9624.0,14752.0,11160.0,16816.0,15336.663336663336,14982.982982982983,23496.0,20248.0,20339.66033966034,21064.0,19256.0,10570.570570570571,15688.0,17696.0,18928.0,16968.0,17088.0,20592.0,16943.056943056945,18880.0,19371.37137137137,22129.87012987013,19459.45945945946,18829.17082917083,19619.619619619618,16639.36063936064,14200.0,16064.064064064065,15096.0,19704.0,22257.74225774226,27312.0,28116.116116116114,28256.0,22049.95004995005,11856.0,23343.343343343342,23752.0,20224.0,14449.55044955045,16056.056056056055,17592.0,17374.625374625375,20312.0,9376.0,14958.95895895896,10432.0,16600.0,13226.773226773226,14158.158158158158,18077.922077922078,15631.631631631632,17214.785214785214,14166.166166166166,11952.0,15280.0,14096.0,16839.16083916084,19339.339339339338,16392.0,19488.0,19968.0,22960.0,26048.0,24231.76823176823,20444.444444444445,12880.0,18768.0,20080.0,13552.0,10645.354645354646,11611.611611611612,12792.0,20600.0,17086.913086913086,18168.0,16576.0,19571.57157157157,19616.0,19920.0,21528.0,21448.0,19400.0,17784.0,15800.1998001998,13712.0,15471.471471471472,19548.451548451547,19363.36336336336,19164.835164835164,18354.354354354353,15752.247752247753,20568.0,20620.62062062062,21136.0
audio_recv_packetsReceivedPerSecond,51.0,53.0,51.0,50.94905094905095,47.047047047047045,49.95004995004995,44.04404404404404,35.0,39.03903903903904,30.969030969030968,32.0,38.0,45.0,50.050050050050054,46.95304695304695,47.0,45.0,40.04004004004004,47.0,43.956043956043956,45.0,44.0,40.0,37.0,33.033033033033036,36.96303696303696,43.04304304304304,42.95704295704296,40.0,45.0,45.0,41.0,47.0,41.0,46.046046046046044,43.0,40.0,22.977022977022976,32.0,29.0,45.0,36.0,37.0,57.0,39.0,50.0,45.0,35.0,30.0,38.0,42.0,38.0,43.0,34.0,44.0,45.0,38.0,41.0,51.0,45.0,41.04104104104104,45.95404595404595,37.03703703703704,31.96803196803197,31.0,40.0,8.0,8.0,8.0,3.996003996003996,12.012012012012011,7.992007992007992,8.008008008008009,8.0,7.007007007007007,7.992007992007992,8.0,8.0,8.0,8.008008008008009,7.992007992007992,8.0,8.0,8.008008008008009,4.0,11.988011988011989,8.0,8.0,8.0,8.0,8.008008008008009,7.992007992007992,8.008008008008009,7.992007992007992,8.0,8.0,8.0,8.0,8.0,4.0,12.012012012012011,8.0,8.0,7.992007992007992,8.0,8.0,8.0,8.0,8.0,4.0,12.0,8.0,8.0,8.0,8.0,8.0,8.0,7.0,8.0,8.0,8.0,8.0,8.0,8.0,3.0,12.0,8.008008008008009,7.992007992007992,8.008008008008009,7.992007992007992,8.0,8.0,0.0,7.104795737122558,6.644518272425249,10.0,8.0,8.0,8.0,8.0,7.0,8.0,8.0,8.008008008008009,8.0,8.0,8.0,8.0,8.0,4.0,11.0,9.0,7.992007992007992,8.008008008008009,8.0,8.0,8.0,8.0,8.0,8.0,8.0,8.0,8.0,8.0,4.0,7.992007992007992,12.012012012012011,8.0,8.0,8.0,8.0,8.0,8.0,8.0,3.996003996003996,12.012012012012011,8.0,8.0,8.0,8.0,7.992007992007992,8.0,7.0,8.008008008008009,8.0,7.992007992007992,8.008008008008009,8.0,8.0,4.0,10.989010989010989,8.008008008008009,7.992007992007992,8.0,8.0,8.008008008008009,8.0,7.992007992007992,0.0,63.94316163410302,66.44518272425249,69.0,44.0,30.0,54.0,55.0,49.0,35.0,32.0,43.04304304304304,42.0,45.0,26.0,27.0,27.0,33.0,31.0,32.0,40.95904095904096,33.033033033033036,40.0,41.0,27.0,35.0,33.0,41.0,38.0,42.0,41.0,47.0,54.0,55.94405594405595,54.054054054054056,49.0,28.0,43.0,44.0,38.0,23.0,26.0,29.97002997002997,43.04304304304304,35.0,43.0,35.0,46.0,42.95704295704296,45.0,50.0,48.048048048048045,44.0,43.956043956043956,34.034034034034036,37.0,31.0,43.0,45.95404595404595,43.04304304304304,41.95804195804196,38.0,45.0,44.04404404404404,49.0,47.952047952047955,45.0,50.94905094905095,51.0,51.051051051051054,48.0,50.94905094905095,43.0,47.047047047047045,26.0,40.0,30.969030969030968,33.033033033033036,44.0,46.95304695304695,49.0,41.0,53.053053053053056,41.0,45.0,42.95704295704296,46.046046046046044,45.95404595404595,47.047047047047045,27.972027972027973,34.034034034034036,36.0,47.0,44.0,35.964035964035965,47.047047047047045,44.0,40.0,46.0,47.0,41.0,44.955044955044954,43.04304304304304,19.0,35.0,27.0,43.0,35.964035964035965,37.03703703703704,54.0,45.0,45.95404595404595,47.0,43.0,24.024024024024023,34.0,39.0,45.0,36.0,37.0,46.0,41.95804195804196,41.0,42.04204204204204,49.95004995004995,44.04404404404404,40.95904095904096,45.04504504504504,35.964035964035965,36.0,34.034034034034036,35.0,44.0,53.946053946053944,61.0,67.06706706706707,62.0,50.94905094905095,28.0,54.054054054054056,52.0,48.0,31.96803196803197,35.03503503503504,43.0,41.95804195804196,46.0,19.0,32.032032032032035,25.0,34.0,29.97002997002997,35.03503503503504,39.96003996003996,34.034034034034036,39.96003996003996,36.03603603603604,32.0,35.0,34.0,34.96503496503497,44.04404404404404,41.0,44.0,46.0,53.0,56.0,55.94405594405595,44.04404404404404,30.0,42.0,45.0,31.0,27.972027972027973,28.02802802802803,29.0,41.0,37.96203796203796,44.0,38.0,44.04404404404404,43.0,45.0,49.0,47.0,45.0,39.0,37.96203796203796,30.0,39.03903903903904,40.95904095904096,47.047047047047045,41.95804195804196,44.04404404404404,36.96303696303696,46.0,46.046046046046044,48.0
audio_recv_googCurrentDelayMs,180.0,170.0,102.0,83.0,40.0,42.0,63.0,82.0,93.0,98.0,76.0,127.0,168.0,43.0,35.0,90.0,281.0,231.0,237.0,228.0,227.0,252.0,221.0,158.0,100.0,126.0,170.0,267.0,241.0,273.0,249.0,217.0,249.0,238.0,218.0,219.0,55.0,92.0,135.0,86.0,170.0,156.0,200.0,329.0,235.0,247.0,273.0,185.0,138.0,207.0,223.0,227.0,208.0,228.0,213.0,228.0,238.0,222.0,226.0,206.0,216.0,256.0,194.0,98.0,116.0,151.0,20.0,29.0,23.0,23.0,27.0,22.0,25.0,27.0,20.0,28.0,36.0,28.0,38.0,29.0,25.0,47.0,32.0,33.0,43.0,33.0,33.0,38.0,31.0,37.0,31.0,32.0,34.0,32.0,32.0,33.0,35.0,36.0,35.0,36.0,43.0,47.0,39.0,40.0,40.0,40.0,45.0,37.0,30.0,33.0,33.0,36.0,38.0,34.0,28.0,23.0,26.0,32.0,20.0,38.0,29.0,24.0,24.0,25.0,23.0,25.0,23.0,24.0,26.0,21.0,24.0,32.0,29.0,21.0,41.0,31.0,26.0,30.0,29.0,31.0,38.0,29.0,36.0,33.0,31.0,26.0,38.0,33.0,34.0,35.0,38.0,34.0,33.0,42.0,32.0,42.0,32.0,32.0,32.0,32.0,33.0,33.0,34.0,36.0,33.0,33.0,37.0,36.0,38.0,38.0,38.0,48.0,35.0,32.0,31.0,37.0,36.0,37.0,37.0,39.0,29.0,25.0,24.0,28.0,32.0,26.0,27.0,32.0,23.0,24.0,35.0,23.0,34.0,24.0,24.0,24.0,22.0,36.0,409.0,675.0,716.0,81.0,64.0,70.0,181.0,189.0,101.0,38.0,110.0,115.0,105.0,139.0,70.0,124.0,79.0,107.0,102.0,89.0,151.0,163.0,166.0,205.0,131.0,97.0,101.0,151.0,168.0,228.0,208.0,266.0,281.0,295.0,314.0,283.0,173.0,102.0,168.0,165.0,86.0,63.0,84.0,192.0,243.0,262.0,251.0,257.0,242.0,237.0,257.0,261.0,257.0,261.0,158.0,161.0,107.0,168.0,294.0,349.0,293.0,253.0,236.0,259.0,253.0,263.0,151.0,265.0,98.0,43.0,35.0,46.0,38.0,108.0,72.0,99.0,86.0,90.0,160.0,190.0,241.0,244.0,263.0,223.0,229.0,225.0,229.0,231.0,234.0,162.0,106.0,93.0,195.0,257.0,240.0,277.0,234.0,203.0,240.0,263.0,237.0,234.0,88.0,62.0,116.0,81.0,179.0,217.0,152.0,304.0,261.0,242.0,271.0,211.0,116.0,175.0,165.0,225.0,205.0,218.0,221.0,199.0,194.0,228.0,211.0,218.0,229.0,241.0,192.0,105.0,116.0,142.0,331.0,377.0,549.0,675.0,60.0,173.0,138.0,185.0,222.0,218.0,171.0,170.0,153.0,101.0,78.0,41.0,121.0,70.0,64.0,39.0,77.0,212.0,157.0,165.0,221.0,139.0,100.0,106.0,169.0,159.0,202.0,208.0,268.0,282.0,301.0,275.0,244.0,159.0,120.0,185.0,127.0,80.0,63.0,105.0,185.0,228.0,245.0,231.0,247.0,234.0,229.0,244.0,241.0,231.0,214.0,132.0,114.0,131.0,202.0,289.0,300.0,276.0,207.0,218.0,253.0,256.0
audio_recv_googJitterBufferMs,160.0,165.0,60.0,58.0,47.0,25.0,50.0,2.0,89.0,10.0,16.0,60.0,94.0,81.0,81.0,318.0,314.0,180.0,220.0,220.0,175.0,220.0,50.0,58.0,43.0,83.0,211.0,200.0,200.0,200.0,250.0,207.0,240.0,150.0,201.0,159.0,7.0,16.0,3.0,21.0,145.0,104.0,149.0,403.0,130.0,253.0,228.0,14.0,102.0,132.0,260.0,160.0,200.0,92.0,103.0,238.0,153.0,115.0,185.0,260.0,189.0,270.0,58.0,5.0,19.0,170.0,1.0,9.0,2.0,2.0,6.0,1.0,5.0,5.0,1.0,0.0,12.0,5.0,11.0,7.0,1.0,16.0,2.0,2.0,14.0,1.0,0.0,7.0,1.0,8.0,2.0,2.0,4.0,1.0,1.0,1.0,1.0,1.0,0.0,0.0,3.0,9.0,2.0,1.0,1.0,2.0,10.0,4.0,0.0,2.0,0.0,0.0,2.0,1.0,1.0,0.0,5.0,12.0,0.0,14.0,5.0,1.0,2.0,4.0,3.0,3.0,0.0,1.0,5.0,2.0,2.0,10.0,9.0,1.0,21.0,10.0,5.0,9.0,4.0,9.0,10.0,1.0,9.0,5.0,5.0,3.0,11.0,2.0,3.0,3.0,24.0,2.0,0.0,14.0,1.0,15.0,2.0,1.0,2.0,1.0,1.0,1.0,1.0,3.0,0.0,0.0,0.0,2.0,2.0,1.0,1.0,13.0,2.0,1.0,3.0,24.0,2.0,2.0,2.0,12.0,6.0,2.0,6.0,9.0,12.0,6.0,6.0,12.0,4.0,4.0,12.0,1.0,12.0,2.0,3.0,3.0,1.0,15.0,437.0,773.0,848.0,192.0,91.0,8.0,187.0,221.0,96.0,1.0,28.0,30.0,33.0,61.0,7.0,52.0,10.0,49.0,9.0,41.0,161.0,80.0,141.0,170.0,32.0,21.0,90.0,120.0,114.0,216.0,162.0,300.0,372.0,387.0,345.0,256.0,40.0,64.0,100.0,83.0,27.0,27.0,72.0,202.0,191.0,280.0,214.0,240.0,166.0,248.0,272.0,250.0,192.0,140.0,56.0,80.0,51.0,206.0,320.0,330.0,310.0,98.0,179.0,178.0,260.0,230.0,150.0,219.0,64.0,27.0,23.0,43.0,13.0,85.0,9.0,37.0,12.0,54.0,83.0,205.0,303.0,142.0,252.0,144.0,230.0,140.0,154.0,250.0,230.0,9.0,15.0,66.0,153.0,310.0,240.0,280.0,290.0,183.0,200.0,220.0,234.0,199.0,24.0,23.0,64.0,1.0,178.0,103.0,133.0,379.0,222.0,260.0,290.0,143.0,48.0,109.0,162.0,152.0,130.0,70.0,136.0,210.0,180.0,173.0,221.0,172.0,173.0,260.0,3.0,1.0,12.0,68.0,384.0,466.0,621.0,855.0,19.0,229.0,62.0,193.0,239.0,193.0,15.0,26.0,15.0,5.0,40.0,3.0,21.0,23.0,60.0,23.0,66.0,151.0,81.0,128.0,87.0,36.0,83.0,87.0,29.0,164.0,171.0,191.0,300.0,325.0,325.0,333.0,152.0,37.0,69.0,100.0,3.0,1.0,41.0,100.0,121.0,153.0,250.0,247.0,237.0,172.0,230.0,263.0,203.0,169.0,33.0,45.0,6.0,61.0,171.0,370.0,240.0,260.0,107.0,158.0,203.0,253.0
audio_recv_googJitterReceived,7.0,7.0,7.0,7.0,7.0,7.0,8.0,8.0,8.0,8.0,8.0,8.0,8.0,9.0,9.0,9.0,9.0,9.0,9.0,11.0,11.0,11.0,11.0,11.0,20.0,20.0,20.0,20.0,20.0,20.0,10.0,10.0,10.0,10.0,30.0,30.0,30.0,30.0,30.0,26.0,26.0,26.0,26.0,17.0,17.0,17.0,17.0,17.0,17.0,25.0,25.0,25.0,25.0,25.0,15.0,15.0,9.0,9.0,9.0,13.0,13.0,13.0,13.0,13.0,13.0,13.0,100.0,100.0,102.0,102.0,102.0,102.0,102.0,123.0,123.0,123.0,123.0,100.0,100.0,100.0,100.0,100.0,108.0,108.0,108.0,108.0,108.0,108.0,97.0,97.0,97.0,97.0,97.0,97.0,98.0,98.0,98.0,118.0,118.0,118.0,118.0,93.0,93.0,93.0,93.0,93.0,99.0,99.0,99.0,99.0,99.0,99.0,99.0,99.0,124.0,124.0,124.0,101.0,101.0,101.0,101.0,101.0,101.0,101.0,98.0,98.0,98.0,98.0,98.0,98.0,98.0,98.0,109.0,109.0,101.0,101.0,101.0,101.0,98.0,98.0,98.0,98.0,98.0,98.0,99.0,99.0,99.0,99.0,99.0,99.0,99.0,95.0,95.0,95.0,95.0,95.0,95.0,98.0,98.0,98.0,98.0,98.0,98.0,97.0,97.0,97.0,97.0,97.0,98.0,98.0,98.0,98.0,98.0,98.0,98.0,117.0,117.0,117.0,117.0,117.0,117.0,103.0,103.0,103.0,103.0,103.0,103.0,103.0,98.0,98.0,98.0,106.0,106.0,106.0,101.0,101.0,101.0,101.0,20.0,20.0,20.0,20.0,9.0,9.0,9.0,9.0,7.0,7.0,7.0,7.0,6.0,6.0,6.0,28.0,28.0,28.0,28.0,35.0,35.0,35.0,8.0,8.0,8.0,8.0,8.0,16.0,16.0,16.0,15.0,15.0,15.0,8.0,8.0,8.0,8.0,8.0,8.0,8.0,18.0,18.0,18.0,18.0,18.0,22.0,22.0,22.0,22.0,22.0,22.0,22.0,22.0,8.0,8.0,8.0,19.0,19.0,19.0,19.0,16.0,16.0,16.0,16.0,16.0,16.0,15.0,15.0,15.0,5.0,5.0,5.0,5.0,5.0,5.0,14.0,14.0,14.0,14.0,5.0,5.0,5.0,5.0,8.0,8.0,8.0,8.0,8.0,7.0,7.0,7.0,7.0,7.0,7.0,7.0,19.0,19.0,19.0,19.0,19.0,19.0,7.0,7.0,7.0,7.0,7.0,7.0,7.0,44.0,44.0,44.0,44.0,44.0,11.0,11.0,11.0,16.0,16.0,16.0,16.0,16.0,16.0,16.0,12.0,12.0,12.0,12.0,12.0,12.0,14.0,14.0,14.0,28.0,28.0,28.0,28.0,10.0,10.0,10.0,10.0,10.0,10.0,10.0,20.0,20.0,20.0,12.0,12.0,12.0,12.0,25.0,25.0,25.0,25.0,25.0,17.0,17.0,17.0,17.0,17.0,17.0,17.0,20.0,20.0,20.0,20.0,20.0,20.0,20.0,22.0,22.0,22.0,22.0,20.0,20.0,20.0,20.0,20.0,20.0,20.0,8.0,8.0,8.0,8.0,8.0,8.0,8.0,8.0,8.0,15.0,15.0,15.0,13.0,13.0,13.0,9.0,9.0,9.0
audio_recv_googPreferredJitterBufferMs,340.0,20.0,20.0,20.0,20.0,20.0,340.0,340.0,340.0,340.0,260.0,260.0,20.0,20.0,20.0,260.0,260.0,260.0,260.0,260.0,260.0,260.0,260.0,260.0,260.0,260.0,260.0,260.0,260.0,260.0,260.0,260.0,260.0,260.0,260.0,40.0,40.0,240.0,240.0,240.0,240.0,240.0,260.0,260.0,260.0,260.0,260.0,260.0,260.0,260.0,260.0,260.0,260.0,260.0,260.0,260.0,260.0,260.0,260.0,260.0,260.0,260.0,260.0,260.0,260.0,260.0,740.0,740.0,740.0,740.0,740.0,740.0,740.0,740.0,740.0,740.0,740.0,740.0,740.0,740.0,740.0,740.0,740.0,740.0,740.0,740.0,740.0,740.0,740.0,740.0,740.0,740.0,740.0,740.0,740.0,740.0,740.0,740.0,740.0,740.0,740.0,740.0,740.0,740.0,740.0,740.0,740.0,740.0,740.0,740.0,740.0,740.0,740.0,740.0,740.0,740.0,740.0,740.0,740.0,740.0,740.0,740.0,740.0,740.0,740.0,740.0,740.0,740.0,740.0,740.0,740.0,740.0,700.0,700.0,700.0,700.0,700.0,700.0,700.0,700.0,700.0,700.0,700.0,700.0,700.0,700.0,700.0,700.0,700.0,700.0,700.0,700.0,700.0,700.0,700.0,700.0,700.0,700.0,700.0,700.0,700.0,640.0,640.0,640.0,640.0,640.0,640.0,620.0,620.0,600.0,600.0,600.0,580.0,580.0,580.0,580.0,580.0,580.0,580.0,580.0,580.0,580.0,580.0,580.0,580.0,580.0,580.0,580.0,580.0,580.0,580.0,580.0,580.0,580.0,580.0,580.0,580.0,580.0,380.0,380.0,380.0,40.0,40.0,200.0,200.0,40.0,40.0,260.0,260.0,260.0,260.0,260.0,260.0,260.0,260.0,260.0,260.0,260.0,260.0,260.0,260.0,260.0,260.0,260.0,260.0,260.0,260.0,260.0,260.0,260.0,260.0,260.0,260.0,260.0,260.0,260.0,260.0,260.0,240.0,300.0,300.0,300.0,300.0,300.0,300.0,300.0,300.0,300.0,300.0,300.0,300.0,300.0,300.0,300.0,300.0,300.0,300.0,300.0,300.0,300.0,300.0,300.0,300.0,300.0,340.0,20.0,20.0,20.0,20.0,20.0,20.0,340.0,340.0,340.0,340.0,260.0,260.0,260.0,260.0,260.0,260.0,260.0,260.0,260.0,260.0,260.0,260.0,260.0,260.0,260.0,260.0,260.0,260.0,260.0,260.0,260.0,260.0,260.0,260.0,260.0,40.0,260.0,240.0,260.0,260.0,260.0,260.0,260.0,260.0,260.0,260.0,260.0,260.0,260.0,260.0,260.0,260.0,260.0,260.0,260.0,260.0,260.0,260.0,260.0,260.0,260.0,260.0,260.0,260.0,260.0,360.0,360.0,360.0,360.0,20.0,200.0,200.0,200.0,200.0,200.0,200.0,200.0,200.0,100.0,40.0,60.0,240.0,40.0,40.0,40.0,240.0,240.0,240.0,240.0,240.0,240.0,240.0,240.0,240.0,240.0,240.0,240.0,240.0,240.0,240.0,240.0,240.0,240.0,240.0,240.0,240.0,240.0,280.0,280.0,280.0,280.0,280.0,280.0,280.0,280.0,280.0,280.0,280.0,280.0,280.0,280.0,280.0,280.0,280.0,280.0,280.0,280.0,280.0,280.0,280.0,280.0
video_recv_bitsReceivedPerSecond,161728.0,163664.0,169664.0,168991.008991009,178906.9069069069,167784.21578421578,172580.58058058057,126832.0,142838.83883883883,115668.33166833167,150192.0,142704.0,177760.0,170938.93893893893,175344.65534465536,175920.0,172552.0,162186.18618618618,165144.0,165314.6853146853,166776.0,175296.0,140216.0,134688.0,135935.93593593594,138493.5064935065,158102.1021021021,171316.6833166833,177184.0,166256.0,174016.0,164256.0,162840.0,170488.0,161657.65765765766,166784.0,173904.0,133858.14185814187,104792.0,117440.0,169480.0,164888.0,131992.0,160744.0,149296.0,149496.0,155688.0,141728.0,133128.0,108520.0,123872.0,154552.0,161896.0,154552.0,169064.0,174712.0,162800.0,165120.0,171672.0,167216.0,173821.82182182182,177318.6813186813,143495.4954954955,130677.32267732268,113920.0,167832.0,26384.0,32144.0,33480.0,22969.03096903097,47271.271271271275,43644.355644355644,6366.3663663663665,38088.0,36716.71671671671,32639.36063936064,44776.0,47888.0,52696.0,64096.096096096095,71432.56743256743,62208.0,78744.0,77093.09309309309,46592.0,103880.11988011988,52136.0,53152.0,68544.0,72336.0,75683.68368368369,81134.86513486513,77549.54954954956,79640.35964035965,98552.0,95888.0,98824.0,92368.0,135552.0,54968.0,126414.41441441441,57408.0,54384.0,64967.03296703297,71840.0,66632.0,70480.0,67712.0,97952.0,44400.0,84544.0,35720.0,30752.0,46424.0,44576.0,35128.0,54376.0,52368.0,66960.0,74520.0,72264.0,88776.0,82800.0,83384.0,48888.0,82832.0,31815.815815815815,41310.68931068931,43003.003003003,51724.27572427572,48168.0,54288.0,0.0,28764.949674363528,32956.81063122924,53608.0,24240.0,32496.0,13888.0,43928.0,31424.0,50128.0,36136.0,52044.04404404404,61200.0,73048.0,70608.0,63888.0,79392.0,48208.0,104672.0,64520.0,46361.63836163836,60836.83683683684,68048.0,83424.0,78192.0,78000.0,77120.0,87032.0,93288.0,99264.0,98728.0,121888.0,75048.0,103416.58341658341,94662.66266266267,50680.0,65872.0,61592.0,76576.0,71696.0,56952.0,101592.0,42637.36263736264,94886.88688688689,54840.0,14568.0,38200.0,41400.0,55920.07992007992,45512.0,43288.0,63743.74374374374,67280.0,78841.15884115885,75811.81181181181,92560.0,80168.0,52832.0,91012.98701298701,42266.26626626627,38953.046953046956,38688.0,46856.0,56296.2962962963,43784.0,56871.12887112887,0.0,107874.4819419775,121860.46511627907,123960.0,82848.0,86568.0,154720.0,152456.0,161520.0,168856.0,124312.0,180876.87687687686,180616.0,174712.0,92440.0,101224.0,109944.0,140432.0,135080.0,144680.0,141970.02997002998,169273.27327327328,157208.0,148984.0,97632.0,127680.0,124712.0,159280.0,153888.0,178400.0,178584.0,128728.0,153128.0,142017.98201798202,123827.82782782783,149592.0,141552.0,172368.0,150640.0,165776.0,94208.0,112968.0,105886.11388611389,170602.6026026026,138360.0,161360.0,173344.0,168832.0,163228.77122877122,156584.0,150424.0,157053.05305305307,173032.0,151192.8071928072,114290.29029029029,140264.0,135200.0,163128.0,165386.61338661338,157453.45345345346,173050.94905094904,156696.0,165960.0,159135.13513513515,165304.0,172131.86813186813,161328.0,163468.53146853147,167936.0,171075.0750750751,175752.0,166641.35864135865,174896.0,163883.8838838839,99144.0,144632.0,125394.6053946054,144232.23223223223,170592.0,177574.42557442558,178360.0,159464.0,188260.26026026026,156080.0,173640.0,163180.81918081918,171547.54754754755,167904.0959040959,172260.26026026026,102681.31868131868,130850.85085085085,142584.0,162248.0,164072.0,186333.66633366633,167687.6876876877,166440.0,164424.0,165920.0,155216.0,173440.0,165010.989010989,180844.84484484483,123024.0,141464.0,95360.0,165720.0,172331.66833166833,116044.04404404404,165184.0,142384.0,162213.78621378622,157496.0,165840.0,109133.13313313313,122912.0,104920.0,154528.0,160992.0,156120.0,172640.0,167544.45554445556,168640.0,155467.46746746748,172515.4845154845,174750.75075075074,169182.81718281718,177457.45745745747,141554.44555444556,143616.0,119311.3113113113,154784.0,179592.0,150937.06293706293,108240.0,118982.98298298298,109312.0,102057.94205794205,81928.0,159047.04704704706,153840.0,165216.0,166153.84615384616,123427.42742742742,184256.0,176535.46453546453,165392.0,76656.0,123363.36336336336,110408.0,141376.0,128135.86413586413,143447.44744744746,144751.24875124876,180764.76476476475,152183.81618381618,128368.36836836836,122512.0,122544.0,127120.0,161398.6013986014,148372.37237237237,191096.0,161304.0,131320.0,148424.0,141552.0,132523.47652347654,148412.4124124124,143160.0,176024.0,151680.0,133928.0,122069.93006993007,106978.97897897898,113016.0,158976.0,150193.8061938062,163192.0,166200.0,172900.9009009009,166288.0,152240.0,153440.0,157096.0,171048.0,128952.0,140171.82817182818,108712.0,162394.3943943944,168415.58441558442,165349.34934934936,155868.13186813187,174750.75075075074,153830.16983016982,165504.0,153657.65765765766,167872.0
video_recv_packetsReceivedPerSecond,61.0,64.0,60.0,60.93906093906094,58.05805805805806,58.94105894105894,55.05505505505506,43.0,46.046046046046044,37.96203796203796,43.0,45.0,54.0,56.05605605605606,47.952047952047955,49.0,50.0,43.04304304304304,53.0,54.94505494505494,53.0,55.0,46.0,43.0,40.04004004004004,41.95804195804196,46.046046046046044,49.95004995004995,49.0,48.0,50.0,47.0,50.0,46.0,51.051051051051054,49.0,54.0,38.96103896103896,33.0,34.0,51.0,43.0,29.0,53.0,46.0,55.0,55.0,44.0,30.0,30.0,39.0,47.0,46.0,47.0,48.0,47.0,46.0,47.0,49.0,50.0,47.047047047047045,50.94905094905095,42.04204204204204,37.96203796203796,33.0,47.0,6.0,13.0,9.0,9.99000999000999,11.01101101101101,6.993006993006993,1.001001001001001,7.0,8.008008008008009,4.995004995004995,9.0,24.0,32.0,38.03803803803804,24.975024975024976,27.0,25.0,32.032032032032035,26.0,30.969030969030968,14.0,34.0,39.0,46.0,29.02902902902903,36.96303696303696,27.027027027027028,31.96803196803197,49.0,29.0,40.0,59.0,60.0,34.0,59.05905905905906,22.0,17.0,18.98101898101898,28.0,12.0,16.0,43.0,41.0,29.0,36.0,6.0,5.0,9.0,11.0,5.0,9.0,24.0,41.0,51.0,26.0,43.0,26.0,34.0,29.0,28.0,8.008008008008009,14.985014985014985,17.017017017017018,25.974025974025974,13.0,13.0,0.0,8.880994671403197,16.611295681063122,14.0,5.0,5.0,2.0,10.0,5.0,9.0,12.0,32.032032032032035,42.0,24.0,34.0,19.0,28.0,26.0,40.0,13.0,24.975024975024976,37.03703703703704,47.0,32.0,43.0,24.0,28.0,46.0,32.0,32.0,57.0,59.0,40.0,54.94505494505494,43.04304304304304,12.0,19.0,25.0,19.0,14.0,24.0,57.0,17.982017982017982,49.049049049049046,13.0,2.0,7.0,10.0,9.99000999000999,7.0,12.0,39.03903903903904,46.0,34.96503496503497,44.04404404404404,28.0,29.0,25.0,41.95804195804196,10.01001001001001,11.988011988011989,12.0,25.0,19.01901901901902,15.0,9.99000999000999,0.0,39.07637655417407,39.8671096345515,58.0,53.0,44.0,65.0,66.0,58.0,57.0,42.0,53.053053053053056,50.0,50.0,28.0,32.0,31.0,39.0,38.0,38.0,42.95704295704296,49.049049049049046,42.0,44.0,29.0,37.0,36.0,49.0,46.0,53.0,52.0,49.0,42.0,56.943056943056945,65.06506506506507,59.0,52.0,50.0,46.0,45.0,27.0,31.0,29.97002997002997,45.04504504504504,40.0,46.0,51.0,46.0,48.95104895104895,48.0,53.0,56.05605605605606,52.0,51.94805194805195,38.03803803803804,44.0,37.0,46.0,48.95104895104895,46.046046046046044,48.95104895104895,52.0,50.0,50.050050050050054,55.0,55.94405594405595,61.0,61.938061938061935,61.0,61.06106106106106,57.0,61.938061938061935,53.0,56.05605605605606,32.0,48.0,36.96303696303696,44.04404404404404,52.0,55.94405594405595,52.0,46.0,51.051051051051054,44.0,51.0,54.94505494505494,55.05505505505506,53.946053946053944,55.05505505505506,31.96803196803197,41.04104104104104,42.0,49.0,50.0,47.952047952047955,49.049049049049046,49.0,46.0,49.0,51.0,47.0,50.94905094905095,52.052052052052055,38.0,43.0,27.0,50.0,45.95404595404595,29.02902902902903,47.0,45.0,56.943056943056945,55.0,56.0,27.027027027027028,28.0,30.0,54.0,42.0,49.0,48.0,46.95304695304695,45.0,48.048048048048045,46.95304695304695,51.051051051051054,47.952047952047955,50.050050050050054,38.96103896103896,43.0,36.03603603603604,42.0,49.0,39.96003996003996,46.0,35.03503503503504,58.0,60.93906093906094,42.0,65.06506506506507,64.0,58.0,55.94405594405595,42.04204204204204,52.0,49.95004995004995,48.0,23.0,38.03803803803804,30.0,39.0,36.96303696303696,38.03803803803804,43.956043956043956,51.051051051051054,41.95804195804196,38.03803803803804,36.0,34.0,39.0,44.955044955044954,51.051051051051054,54.0,50.0,46.0,44.0,59.0,66.93306693306694,56.05605605605606,51.0,51.0,46.0,36.0,33.96603396603397,31.03103103103103,30.0,43.0,43.956043956043956,46.0,49.0,48.048048048048045,50.0,47.0,54.0,55.0,54.0,44.0,43.956043956043956,35.0,45.04504504504504,45.95404595404595,49.049049049049046,45.95404595404595,51.051051051051054,50.94905094905095,51.0,48.048048048048045,57.0
video_recv_googCurrentDelayMs,133.0,128.0,123.0,118.0,113.0,109.0,105.0,103.0,102.0,100.0,98.0,96.0,92.0,88.0,87.0,87.0,87.0,85.0,82.0,80.0,76.0,74.0,72.0,75.0,75.0,72.0,70.0,76.0,76.0,81.0,86.0,84.0,82.0,79.0,81.0,81.0,81.0,81.0,81.0,81.0,81.0,11.0,11.0,11.0,18.0,207.0,198.0,195.0,201.0,202.0,195.0,189.0,187.0,187.0,185.0,178.0,173.0,167.0,162.0,156.0,151.0,146.0,142.0,139.0,139.0,134.0,103.0,72.0,67.0,124.0,129.0,106.0,101.0,58.0,36.0,18.0,35.0,132.0,128.0,124.0,121.0,121.0,117.0,113.0,115.0,114.0,112.0,106.0,103.0,100.0,96.0,93.0,90.0,86.0,83.0,80.0,77.0,76.0,77.0,82.0,80.0,79.0,77.0,73.0,70.0,68.0,67.0,64.0,67.0,76.0,76.0,82.0,81.0,56.0,45.0,35.0,55.0,75.0,77.0,75.0,73.0,70.0,68.0,66.0,76.0,80.0,79.0,76.0,73.0,71.0,69.0,68.0,82.0,66.0,122.0,121.0,117.0,105.0,62.0,45.0,26.0,40.0,91.0,104.0,111.0,113.0,115.0,118.0,113.0,115.0,112.0,112.0,107.0,104.0,100.0,97.0,93.0,90.0,87.0,84.0,81.0,78.0,75.0,73.0,81.0,79.0,78.0,78.0,78.0,78.0,78.0,78.0,78.0,11.0,11.0,109.0,110.0,110.0,98.0,59.0,47.0,65.0,89.0,98.0,95.0,93.0,89.0,86.0,83.0,89.0,89.0,90.0,89.0,85.0,82.0,80.0,78.0,77.0,117.0,111.0,110.0,106.0,103.0,100.0,98.0,94.0,90.0,87.0,85.0,82.0,79.0,76.0,80.0,99.0,94.0,94.0,97.0,99.0,99.0,99.0,99.0,99.0,99.0,99.0,99.0,11.0,11.0,15.0,22.0,22.0,141.0,145.0,149.0,169.0,163.0,156.0,151.0,147.0,148.0,149.0,149.0,146.0,144.0,153.0,151.0,146.0,141.0,137.0,131.0,126.0,121.0,118.0,116.0,113.0,112.0,109.0,113.0,115.0,113.0,111.0,107.0,103.0,99.0,95.0,140.0,134.0,129.0,124.0,119.0,114.0,110.0,106.0,107.0,104.0,103.0,100.0,96.0,92.0,89.0,91.0,90.0,88.0,84.0,81.0,78.0,76.0,73.0,74.0,76.0,74.0,71.0,74.0,80.0,81.0,87.0,86.0,84.0,81.0,80.0,80.0,80.0,80.0,80.0,80.0,80.0,11.0,11.0,11.0,14.0,17.0,198.0,192.0,190.0,201.0,199.0,188.0,186.0,186.0,185.0,178.0,173.0,167.0,162.0,156.0,151.0,147.0,141.0,139.0,137.0,134.0,120.0,120.0,116.0,113.0,108.0,105.0,104.0,100.0,96.0,92.0,89.0,88.0,84.0,81.0,78.0,82.0,100.0,97.0,96.0,112.0,118.0,118.0,118.0,118.0,118.0,118.0,118.0,118.0,11.0,11.0,13.0,74.0,75.0,125.0,131.0,139.0,165.0,159.0,153.0,148.0,144.0,143.0,146.0,144.0,141.0,144.0,144.0,146.0,143.0,138.0,134.0,129.0,124.0,119.0,115.0,114.0,112.0,111.0,109.0,113.0,115.0,113.0,112.0,107.0,103.0,99.0
video_recv_googDecodeMs,1.0,1.0,0.0,1.0,1.0,1.0,0.0,0.0,1.0,1.0,1.0,1.0,1.0,0.0,1.0,1.0,1.0,1.0,0.0,1.0,0.0,1.0,0.0,1.0,0.0,1.0,0.0,1.0,1.0,1.0,1.0,0.0,0.0,1.0,1.0,1.0,1.0,1.0,1.0,1.0,1.0,1.0,1.0,1.0,1.0,1.0,1.0,1.0,0.0,1.0,0.0,1.0,1.0,1.0,0.0,1.0,1.0,1.0,1.0,1.0,0.0,1.0,0.0,1.0,1.0,0.0,1.0,1.0,1.0,0.0,1.0,1.0,1.0,1.0,0.0,1.0,0.0,1.0,0.0,1.0,1.0,1.0,0.0,1.0,1.0,1.0,0.0,0.0,1.0,1.0,1.0,1.0,0.0,1.0,0.0,0.0,0.0,0.0,1.0,1.0,0.0,0.0,0.0,1.0,0.0,0.0,1.0,0.0,0.0,0.0,1.0,1.0,1.0,1.0,0.0,1.0,1.0,1.0,1.0,1.0,1.0,1.0,1.0,0.0,1.0,0.0,1.0,0.0,0.0,1.0,0.0,0.0,1.0,0.0,1.0,0.0,0.0,0.0,1.0,1.0,0.0,1.0,1.0,1.0,1.0,0.0,1.0,1.0,0.0,0.0,1.0,1.0,1.0,0.0,0.0,1.0,0.0,1.0,1.0,1.0,0.0,1.0,1.0,1.0,0.0,0.0,0.0,1.0,1.0,1.0,1.0,1.0,1.0,0.0,0.0,0.0,1.0,1.0,0.0,0.0,1.0,1.0,0.0,0.0,0.0,0.0,1.0,0.0,1.0,1.0,1.0,0.0,1.0,0.0,0.0,1.0,0.0,1.0,1.0,1.0,1.0,2.0,1.0,0.0,0.0,0.0,1.0,0.0,1.0,1.0,1.0,0.0,0.0,0.0,1.0,1.0,1.0,1.0,1.0,1.0,1.0,1.0,1.0,1.0,1.0,0.0,0.0,0.0,1.0,1.0,0.0,0.0,1.0,1.0,0.0,1.0,1.0,1.0,1.0,0.0,0.0,0.0,1.0,1.0,0.0,0.0,0.0,0.0,1.0,1.0,0.0,1.0,0.0,0.0,0.0,1.0,0.0,1.0,0.0,1.0,0.0,1.0,0.0,1.0,1.0,0.0,1.0,0.0,1.0,1.0,0.0,1.0,0.0,1.0,0.0,1.0,0.0,1.0,0.0,1.0,0.0,0.0,1.0,0.0,0.0,0.0,0.0,0.0,0.0,0.0,1.0,1.0,0.0,1.0,0.0,0.0,0.0,0.0,1.0,1.0,1.0,1.0,1.0,1.0,1.0,1.0,1.0,1.0,1.0,0.0,0.0,1.0,0.0,0.0,1.0,1.0,1.0,0.0,0.0,0.0,1.0,1.0,1.0,0.0,0.0,0.0,0.0,0.0,0.0,1.0,1.0,0.0,1.0,0.0,1.0,0.0,1.0,1.0,0.0,0.0,1.0,0.0,1.0,1.0,1.0,1.0,1.0,1.0,1.0,1.0,0.0,0.0,0.0,0.0,0.0,0.0,0.0,0.0,1.0,1.0,1.0,0.0,1.0,0.0,1.0,0.0,0.0,1.0,1.0,0.0,1.0,1.0,0.0,0.0,0.0,1.0,0.0,0.0,1.0,1.0,0.0,1.0,0.0,1.0,1.0,1.0,0.0,1.0,1.0,0.0,1.0,1.0,0.0,0.0,0.0,0.0
video_recv_googFrameHeightReceived,180.0,180.0,180.0,180.0,180.0,180.0,180.0,180.0,180.0,180.0,180.0,180.0,180.0,180.0,180.0,180.0,180.0,180.0,180.0,180.0,180.0,180.0,180.0,180.0,180.0,180.0,180.0,180.0,180.0,180.0,180.0,180.0,180.0,180.0,180.0,180.0,180.0,180.0,180.0,180.0,180.0,180.0,180.0,180.0,180.0,180.0,180.0,180.0,180.0,180.0,180.0,180.0,180.0,180.0,180.0,180.0,180.0,180.0,180.0,180.0,180.0,180.0,180.0,180.0,180.0,180.0,180.0,180.0,180.0,180.0,180.0,180.0,180.0,180.0,180.0,180.0,180.0,180.0,180.0,180.0,180.0,180.0,180.0,180.0,180.0,180.0,180.0,180.0,180.0,180.0,180.0,180.0,180.0,180.0,180.0,180.0,180.0,180.0,180.0,180.0,180.0,180.0,180.0,180.0,180.0,180.0,180.0,180.0,180.0,180.0,180.0,180.0,180.0,180.0,180.0,180.0,180.0,180.0,180.0,180.0,180.0,180.0,180.0,180.0,180.0,180.0,180.0,180.0,180.0,180.0,180.0,180.0,180.0,180.0,180.0,180.0,180.0,180.0,180.0,180.0,180.0,180.0,180.0,180.0,180.0,180.0,180.0,180.0,180.0,180.0,180.0,180.0,180.0,180.0,180.0,180.0,180.0,180.0,180.0,180.0,180.0,180.0,180.0,180.0,180.0,180.0,180.0,180.0,180.0,180.0,180.0,180.0,180.0,180.0,180.0,180.0,180.0,180.0,180.0,180.0,180.0,180.0,180.0,180.0,180.0,180.0,180.0,180.0,180.0,180.0,180.0,180.0,180.0,180.0,180.0,180.0,180.0,180.0,180.0,180.0,180.0,180.0,180.0,180.0,180.0,180.0,180.0,180.0,180.0,180.0,180.0,180.0,180.0,180.0,180.0,180.0,180.0,180.0,180.0,180.0,180.0,180.0,180.0,180.0,180.0,180.0,180.0,180.0,180.0,180.0,180.0,180.0,180.0,180.0,180.0,180.0,180.0,180.0,180.0,180.0,180.0,180.0,180.0,180.0,180.0,180.0,180.0,180.0,180.0,180.0,180.0,180.0,180.0,180.0,180.0,180.0,180.0,180.0,180.0,180.0,180.0,180.0,180.0,180.0,180.0,180.0,180.0,180.0,180.0,180.0,180.0,180.0,180.0,180.0,180.0,180.0,180.0,180.0,180.0,180.0,180.0,180.0,180.0,180.0,180.0,180.0,180.0,180.0,180.0,180.0,180.0,180.0,180.0,180.0,180.0,180.0,180.0,180.0,180.0,180.0,180.0,180.0,180.0,180.0,180.0,180.0,180.0,180.0,180.0,180.0,180.0,180.0,180.0,180.0,180.0,180.0,180.0,180.0,180.0,180.0,180.0,180.0,180.0,180.0,180.0,180.0,180.0,180.0,180.0,180.0,180.0,180.0,180.0,180.0,180.0,180.0,180.0,180.0,180.0,180.0,180.0,180.0,180.0,180.0,180.0,180.0,180.0,180.0,180.0,180.0,180.0,180.0,180.0,180.0,180.0,180.0,180.0,180.0,180.0,180.0,180.0,180.0,180.0,180.0,180.0,180.0,180.0,180.0,180.0,180.0,180.0,180.0,180.0,180.0,180.0,180.0,180.0,180.0,180.0,180.0,180.0,180.0,180.0,180.0,180.0,180.0,180.0,180.0,180.0,180.0,180.0,180.0,180.0,180.0,180.0,180.0
video_recv_googFrameRateOutput,61.0,55.0,60.0,59.0,59.0,59.0,58.0,48.0,46.0,38.0,43.0,41.0,55.0,47.0,29.0,47.0,42.0,37.0,41.0,43.0,54.0,45.0,41.0,39.0,35.0,39.0,38.0,38.0,22.0,33.0,50.0,39.0,43.0,46.0,3.0,0.0,0.0,0.0,0.0,0.0,0.0,9.0,8.0,20.0,28.0,40.0,45.0,46.0,19.0,14.0,28.0,44.0,30.0,19.0,35.0,52.0,42.0,41.0,39.0,41.0,45.0,42.0,44.0,34.0,29.0,40.0,6.0,13.0,9.0,10.0,10.0,6.0,1.0,7.0,8.0,5.0,9.0,24.0,32.0,35.0,25.0,28.0,24.0,32.0,28.0,31.0,10.0,38.0,37.0,48.0,29.0,37.0,27.0,32.0,48.0,28.0,40.0,60.0,55.0,35.0,56.0,24.0,15.0,20.0,29.0,13.0,16.0,43.0,38.0,29.0,34.0,7.0,4.0,9.0,10.0,4.0,9.0,23.0,41.0,52.0,26.0,43.0,26.0,34.0,28.0,28.0,8.0,15.0,17.0,26.0,13.0,13.0,10.0,7.0,10.0,13.0,4.0,5.0,2.0,10.0,5.0,9.0,12.0,32.0,41.0,25.0,34.0,18.0,26.0,29.0,40.0,10.0,23.0,38.0,45.0,36.0,44.0,24.0,29.0,46.0,32.0,32.0,57.0,56.0,38.0,55.0,36.0,4.0,0.0,0.0,0.0,0.0,0.0,2.0,18.0,49.0,12.0,2.0,6.0,9.0,9.0,7.0,12.0,39.0,46.0,35.0,41.0,29.0,30.0,26.0,41.0,9.0,11.0,15.0,23.0,21.0,14.0,10.0,34.0,43.0,33.0,34.0,67.0,49.0,59.0,58.0,58.0,56.0,46.0,53.0,50.0,44.0,25.0,16.0,29.0,32.0,17.0,25.0,0.0,0.0,0.0,0.0,0.0,0.0,0.0,7.0,33.0,28.0,42.0,2.0,26.0,46.0,61.0,60.0,56.0,53.0,39.0,33.0,26.0,27.0,27.0,44.0,26.0,22.0,42.0,42.0,40.0,36.0,56.0,52.0,58.0,38.0,44.0,44.0,36.0,38.0,36.0,23.0,44.0,44.0,44.0,44.0,41.0,51.0,57.0,56.0,57.0,57.0,61.0,57.0,57.0,55.0,37.0,48.0,37.0,39.0,54.0,46.0,41.0,36.0,48.0,37.0,42.0,43.0,52.0,38.0,46.0,36.0,41.0,34.0,44.0,31.0,38.0,22.0,44.0,38.0,44.0,47.0,16.0,0.0,0.0,0.0,0.0,0.0,0.0,5.0,12.0,7.0,15.0,47.0,36.0,49.0,31.0,12.0,15.0,50.0,24.0,35.0,23.0,42.0,38.0,45.0,39.0,43.0,40.0,38.0,45.0,44.0,28.0,39.0,33.0,35.0,27.0,33.0,36.0,66.0,52.0,54.0,57.0,57.0,59.0,46.0,52.0,50.0,41.0,20.0,24.0,24.0,30.0,19.0,17.0,0.0,0.0,0.0,0.0,0.0,0.0,0.0,9.0,27.0,28.0,14.0,5.0,29.0,51.0,61.0,61.0,54.0,50.0,38.0,32.0,31.0,25.0,29.0,38.0,32.0,22.0,27.0,53.0,44.0,37.0,51.0,55.0,50.0,43.0,39.0,35.0,45.0,35.0,28.0,26.0,40.0,40.0,47.0,45.0,41.0
video_recv_googFrameRateReceived,61.0,64.0,60.0,61.0,58.0,59.0,53.0,43.0,46.0,38.0,43.0,45.0,54.0,51.0,41.0,36.0,47.0,34.0,45.0,47.0,50.0,49.0,42.0,39.0,35.0,39.0,39.0,45.0,43.0,41.0,48.0,43.0,46.0,37.0,2.0,0.0,0.0,0.0,0.0,0.0,0.0,9.0,9.0,29.0,37.0,48.0,52.0,34.0,19.0,14.0,28.0,44.0,40.0,40.0,43.0,42.0,42.0,39.0,43.0,43.0,42.0,43.0,38.0,30.0,29.0,40.0,6.0,13.0,9.0,10.0,10.0,6.0,1.0,7.0,8.0,5.0,9.0,24.0,32.0,38.0,25.0,25.0,25.0,32.0,26.0,31.0,14.0,34.0,39.0,46.0,29.0,37.0,27.0,32.0,49.0,29.0,40.0,59.0,55.0,33.0,59.0,22.0,17.0,19.0,28.0,12.0,16.0,43.0,38.0,29.0,36.0,5.0,4.0,9.0,10.0,4.0,9.0,24.0,41.0,51.0,26.0,43.0,26.0,34.0,29.0,28.0,8.0,15.0,17.0,26.0,13.0,13.0,11.0,7.0,9.0,13.0,5.0,4.0,2.0,10.0,5.0,9.0,12.0,32.0,42.0,24.0,34.0,18.0,28.0,26.0,40.0,13.0,25.0,37.0,47.0,32.0,43.0,24.0,28.0,46.0,32.0,32.0,57.0,56.0,38.0,55.0,43.0,12.0,19.0,25.0,19.0,14.0,24.0,54.0,18.0,49.0,12.0,2.0,6.0,10.0,8.0,7.0,12.0,39.0,46.0,35.0,44.0,28.0,29.0,25.0,42.0,10.0,12.0,12.0,25.0,19.0,15.0,9.0,37.0,41.0,36.0,58.0,53.0,44.0,65.0,66.0,57.0,57.0,42.0,53.0,50.0,46.0,23.0,18.0,30.0,33.0,34.0,12.0,0.0,0.0,0.0,0.0,0.0,0.0,0.0,8.0,38.0,39.0,28.0,0.0,35.0,57.0,65.0,59.0,52.0,50.0,37.0,35.0,23.0,27.0,27.0,44.0,38.0,40.0,45.0,40.0,43.0,47.0,53.0,54.0,52.0,42.0,31.0,44.0,37.0,40.0,45.0,40.0,42.0,47.0,47.0,44.0,47.0,51.0,61.0,62.0,61.0,61.0,57.0,62.0,51.0,56.0,32.0,48.0,37.0,44.0,52.0,52.0,44.0,42.0,38.0,35.0,44.0,48.0,53.0,48.0,48.0,28.0,41.0,34.0,44.0,47.0,40.0,44.0,43.0,42.0,45.0,47.0,6.0,0.0,0.0,0.0,0.0,0.0,0.0,5.0,12.0,20.0,31.0,53.0,48.0,46.0,20.0,12.0,15.0,51.0,38.0,44.0,40.0,42.0,40.0,41.0,40.0,45.0,45.0,44.0,31.0,39.0,28.0,39.0,41.0,32.0,45.0,35.0,58.0,61.0,42.0,65.0,64.0,57.0,56.0,42.0,52.0,50.0,41.0,20.0,24.0,26.0,32.0,35.0,8.0,0.0,0.0,0.0,0.0,0.0,0.0,0.0,10.0,43.0,42.0,18.0,0.0,43.0,59.0,67.0,56.0,51.0,47.0,41.0,27.0,30.0,25.0,29.0,40.0,42.0,39.0,44.0,43.0,45.0,46.0,54.0,53.0,50.0,36.0,39.0,35.0,45.0,40.0,45.0,39.0,44.0,46.0,46.0,41.0,52.0
video_recv_googFrameWidthReceived,320.0,320.0,320.0,320.0,320.0,320.0,320.0,320.0,320.0,320.0,320.0,320.0,320.0,320.0,320.0,320.0,320.0,320.0,320.0,320.0,320.0,320.0,320.0,320.0,320.0,320.0,320.0,320.0,320.0,320.0,320.0,320.0,320.0,320.0,320.0,320.0,320.0,320.0,320.0,320.0,320.0,320.0,320.0,320.0,320.0,320.0,320.0,320.0,320.0,320.0,320.0,320.0,320.0,320.0,320.0,320.0,320.0,320.0,320.0,320.0,320.0,320.0,320.0,320.0,320.0,320.0,320.0,320.0,320.0,320.0,320.0,320.0,320.0,320.0,320.0,320.0,320.0,320.0,320.0,320.0,320.0,320.0,320.0,320.0,320.0,320.0,320.0,320.0,320.0,320.0,320.0,320.0,320.0,320.0,320.0,320.0,320.0,320.0,320.0,320.0,320.0,320.0,320.0,320.0,320.0,320.0,320.0,320.0,320.0,320.0,320.0,320.0,320.0,320.0,320.0,320.0,320.0,320.0,320.0,320.0,320.0,320.0,320.0,320.0,320.0,320.0,320.0,320.0,320.0,320.0,320.0,320.0,320.0,320.0,320.0,320.0,320.0,320.0,320.0,320.0,320.0,320.0,320.0,320.0,320.0,320.0,320.0,320.0,320.0,320.0,320.0,320.0,320.0,320.0,320.0,320.0,320.0,320.0,320.0,320.0,320.0,320.0,320.0,320.0,320.0,320.0,320.0,320.0,320.0,320.0,320.0,320.0,320.0,320.0,320.0,320.0,320.0,320.0,320.0,320.0,320.0,320.0,320.0,320.0,320.0,320.0,320.0,320.0,320.0,320.0,320.0,320.0,320.0,320.0,320.0,320.0,320.0,320.0,320.0,320.0,320.0,320.0,320.0,320.0,320.0,320.0,320.0,320.0,320.0,320.0,320.0,320.0,320.0,320.0,320.0,320.0,320.0,320.0,320.0,320.0,320.0,320.0,320.0,320.0,320.0,320.0,320.0,320.0,320.0,320.0,320.0,320.0,320.0,320.0,320.0,320.0,320.0,320.0,320.0,320.0,320.0,320.0,320.0,320.0,320.0,320.0,320.0,320.0,320.0,320.0,320.0,320.0,320.0,320.0,320.0,320.0,320.0,320.0,320.0,320.0,320.0,320.0,320.0,320.0,320.0,320.0,320.0,320.0,320.0,320.0,320.0,320.0,320.0,320.0,320.0,320.0,320.0,320.0,320.0,320.0,320.0,320.0,320.0,320.0,320.0,320.0,320.0,320.0,320.0,320.0,320.0,320.0,320.0,320.0,320.0,320.0,320.0,320.0,320.0,320.0,320.0,320.0,320.0,320.0,320.0,320.0,320.0,320.0,320.0,320.0,320.0,320.0,320.0,320.0,320.0,320.0,320.0,320.0,320.0,320.0,320.0,320.0,320.0,320.0,320.0,320.0,320.0,320.0,320.0,320.0,320.0,320.0,320.0,320.0,320.0,320.0,320.0,320.0,320.0,320.0,320.0,320.0,320.0,320.0,320.0,320.0,320.0,320.0,320.0,320.0,320.0,320.0,320.0,320.0,320.0,320.0,320.0,320.0,320.0,320.0,320.0,320.0,320.0,320.0,320.0,320.0,320.0,320.0,320.0,320.0,320.0,320.0,320.0,320.0,320.0,320.0,320.0,320.0,320.0,320.0,320.0,320.0,320.0,320.0,320.0,320.0,320.0,320.0,320.0,320.0,320.0,320.0,320.0,320.0,320.0,320.0
video_recv_googInterframeDelayMax,48.0,130.0,20.0,19.0,19.0,19.0,19.0,164.0,232.0,215.0,218.0,180.0,20.0,125.0,357.0,105.0,176.0,189.0,172.0,122.0,19.0,195.0,90.0,197.0,220.0,284.0,160.0,354.0,213.0,459.0,193.0,227.0,157.0,123.0,36.0,-1.0,-1.0,-1.0,-1.0,-1.0,-1.0,7043.0,368.0,639.0,401.0,364.0,205.0,104.0,537.0,272.0,387.0,129.0,365.0,383.0,455.0,122.0,207.0,207.0,189.0,104.0,207.0,208.0,105.0,103.0,268.0,75.0,980.0,266.0,286.0,504.0,495.0,335.0,176.0,1077.0,406.0,330.0,213.0,166.0,84.0,152.0,115.0,220.0,116.0,50.0,214.0,115.0,259.0,81.0,82.0,50.0,66.0,110.0,63.0,53.0,89.0,50.0,51.0,32.0,40.0,252.0,109.0,81.0,277.0,163.0,50.0,215.0,242.0,99.0,172.0,269.0,162.0,154.0,671.0,474.0,358.0,347.0,391.0,217.0,81.0,81.0,163.0,68.0,104.0,53.0,254.0,197.0,340.0,171.0,266.0,99.0,307.0,234.0,405.0,293.0,419.0,261.0,588.0,343.0,1156.0,409.0,345.0,329.0,214.0,83.0,82.0,116.0,65.0,280.0,115.0,169.0,113.0,229.0,260.0,83.0,81.0,67.0,65.0,114.0,53.0,50.0,53.0,52.0,49.0,79.0,202.0,103.0,144.0,32.0,-1.0,-1.0,-1.0,-1.0,-1.0,6852.0,270.0,108.0,187.0,672.0,492.0,358.0,353.0,391.0,349.0,83.0,82.0,166.0,100.0,99.0,65.0,205.0,107.0,344.0,164.0,213.0,263.0,131.0,296.0,291.0,344.0,78.0,131.0,75.0,59.0,55.0,117.0,19.0,19.0,41.0,149.0,96.0,34.0,140.0,156.0,459.0,290.0,101.0,244.0,449.0,-1.0,-1.0,-1.0,-1.0,-1.0,-1.0,-1.0,7808.0,333.0,264.0,318.0,19.0,1160.0,68.0,34.0,34.0,20.0,35.0,90.0,293.0,235.0,317.0,271.0,52.0,213.0,485.0,385.0,196.0,128.0,126.0,247.0,160.0,21.0,142.0,126.0,226.0,206.0,180.0,393.0,357.0,283.0,280.0,124.0,88.0,176.0,70.0,50.0,20.0,20.0,20.0,20.0,20.0,20.0,20.0,231.0,215.0,218.0,180.0,20.0,129.0,125.0,365.0,179.0,84.0,196.0,127.0,72.0,183.0,89.0,90.0,220.0,285.0,101.0,365.0,220.0,469.0,195.0,242.0,160.0,125.0,71.0,-1.0,-1.0,-1.0,-1.0,-1.0,-1.0,7024.0,407.0,647.0,408.0,135.0,368.0,104.0,73.0,533.0,387.0,129.0,411.0,389.0,457.0,122.0,243.0,210.0,191.0,104.0,209.0,209.0,104.0,104.0,222.0,267.0,303.0,356.0,301.0,149.0,76.0,45.0,85.0,21.0,20.0,20.0,21.0,142.0,30.0,34.0,132.0,185.0,515.0,289.0,308.0,461.0,424.0,-1.0,-1.0,-1.0,-1.0,-1.0,-1.0,-1.0,7821.0,448.0,281.0,662.0,19.0,951.0,67.0,19.0,20.0,22.0,54.0,130.0,369.0,183.0,317.0,271.0,155.0,425.0,513.0,402.0,180.0,146.0,253.0,163.0,70.0,39.0,139.0,142.0,229.0,207.0,260.0,401.0,363.0,67.0,289.0,123.0,91.0,179.0
video_recv_googJitterBufferMs,122.0,117.0,112.0,107.0,102.0,98.0,94.0,92.0,91.0,89.0,87.0,85.0,81.0,77.0,81.0,76.0,77.0,74.0,71.0,69.0,65.0,63.0,61.0,64.0,64.0,61.0,62.0,66.0,69.0,77.0,75.0,73.0,71.0,70.0,70.0,70.0,70.0,70.0,70.0,70.0,70.0,0.0,0.0,208.0,200.0,196.0,187.0,184.0,190.0,191.0,184.0,178.0,178.0,177.0,174.0,167.0,162.0,156.0,151.0,145.0,140.0,135.0,131.0,128.0,128.0,123.0,92.0,61.0,56.0,113.0,118.0,95.0,90.0,47.0,25.0,7.0,24.0,121.0,117.0,113.0,110.0,110.0,106.0,102.0,104.0,103.0,101.0,95.0,92.0,89.0,85.0,82.0,79.0,75.0,72.0,69.0,66.0,65.0,66.0,71.0,69.0,68.0,66.0,62.0,59.0,57.0,56.0,53.0,56.0,65.0,67.0,71.0,70.0,45.0,34.0,24.0,44.0,67.0,66.0,64.0,62.0,59.0,57.0,55.0,65.0,69.0,68.0,65.0,62.0,60.0,58.0,57.0,71.0,60.0,111.0,120.0,111.0,94.0,51.0,35.0,15.0,29.0,106.0,118.0,114.0,110.0,105.0,107.0,102.0,104.0,101.0,101.0,96.0,93.0,89.0,86.0,82.0,79.0,76.0,73.0,70.0,67.0,64.0,66.0,70.0,68.0,67.0,67.0,67.0,67.0,67.0,67.0,67.0,0.0,0.0,98.0,101.0,101.0,87.0,48.0,36.0,54.0,80.0,87.0,84.0,82.0,78.0,75.0,72.0,78.0,79.0,80.0,78.0,74.0,71.0,69.0,67.0,66.0,106.0,100.0,99.0,95.0,92.0,89.0,87.0,83.0,79.0,76.0,74.0,71.0,68.0,65.0,69.0,88.0,83.0,83.0,87.0,105.0,105.0,105.0,105.0,105.0,105.0,105.0,105.0,0.0,202.0,197.0,192.0,192.0,180.0,171.0,164.0,158.0,152.0,145.0,140.0,136.0,137.0,138.0,138.0,135.0,137.0,142.0,140.0,135.0,130.0,126.0,120.0,115.0,110.0,107.0,105.0,102.0,101.0,101.0,102.0,104.0,102.0,100.0,96.0,92.0,88.0,84.0,129.0,123.0,118.0,113.0,108.0,103.0,99.0,95.0,96.0,93.0,92.0,89.0,85.0,81.0,78.0,80.0,79.0,77.0,73.0,70.0,67.0,65.0,62.0,63.0,65.0,63.0,60.0,67.0,69.0,79.0,77.0,76.0,73.0,70.0,71.0,71.0,71.0,71.0,71.0,71.0,71.0,0.0,0.0,0.0,207.0,193.0,187.0,181.0,179.0,190.0,188.0,177.0,180.0,175.0,174.0,167.0,162.0,156.0,151.0,145.0,140.0,136.0,130.0,128.0,126.0,123.0,109.0,109.0,105.0,102.0,97.0,94.0,93.0,89.0,85.0,81.0,78.0,77.0,73.0,70.0,68.0,71.0,89.0,86.0,86.0,101.0,108.0,108.0,108.0,108.0,108.0,108.0,108.0,108.0,0.0,201.0,196.0,193.0,191.0,177.0,168.0,161.0,154.0,148.0,142.0,137.0,133.0,132.0,135.0,133.0,132.0,133.0,139.0,139.0,132.0,127.0,123.0,118.0,113.0,108.0,106.0,103.0,101.0,100.0,100.0,103.0,107.0,102.0,101.0,96.0,92.0,88.0
video_recv_googPlisSent,2.0,2.0,2.0,2.0,2.0,2.0,2.0,2.0,2.0,2.0,2.0,2.0,2.0,2.0,2.0,2.0,2.0,2.0,2.0,2.0,2.0,2.0,2.0,2.0,2.0,2.0,2.0,2.0,2.0,2.0,2.0,2.0,2.0,2.0,2.0,2.0,2.0,3.0,3.0,3.0,4.0,4.0,4.0,4.0,4.0,4.0,4.0,4.0,4.0,4.0,4.0,4.0,4.0,4.0,4.0,4.0,4.0,4.0,4.0,4.0,4.0,4.0,4.0,4.0,4.0,4.0,0.0,0.0,0.0,0.0,0.0,0.0,0.0,0.0,0.0,0.0,0.0,0.0,0.0,0.0,0.0,0.0,0.0,0.0,0.0,0.0,0.0,0.0,0.0,0.0,0.0,0.0,0.0,0.0,0.0,0.0,0.0,0.0,0.0,0.0,0.0,0.0,0.0,0.0,0.0,0.0,0.0,0.0,0.0,0.0,0.0,0.0,0.0,0.0,0.0,0.0,0.0,0.0,0.0,0.0,0.0,0.0,0.0,0.0,0.0,0.0,0.0,0.0,0.0,0.0,0.0,0.0,0.0,0.0,0.0,0.0,0.0,0.0,0.0,0.0,0.0,0.0,0.0,0.0,0.0,0.0,0.0,0.0,0.0,0.0,0.0,0.0,0.0,0.0,0.0,0.0,0.0,0.0,0.0,0.0,0.0,0.0,0.0,0.0,0.0,0.0,0.0,0.0,0.0,0.0,1.0,1.0,1.0,2.0,2.0,2.0,2.0,2.0,2.0,2.0,2.0,2.0,2.0,2.0,2.0,2.0,2.0,2.0,2.0,2.0,2.0,2.0,2.0,2.0,2.0,2.0,2.0,2.0,6.0,6.0,6.0,6.0,6.0,6.0,6.0,6.0,6.0,6.0,6.0,6.0,6.0,6.0,6.0,6.0,6.0,6.0,6.0,6.0,6.0,6.0,7.0,7.0,7.0,8.0,8.0,8.0,8.0,8.0,8.0,8.0,8.0,8.0,8.0,8.0,8.0,8.0,8.0,8.0,8.0,8.0,8.0,8.0,8.0,8.0,8.0,8.0,8.0,8.0,8.0,8.0,8.0,8.0,8.0,8.0,8.0,8.0,8.0,8.0,8.0,8.0,8.0,8.0,8.0,8.0,0.0,0.0,0.0,0.0,0.0,0.0,0.0,0.0,0.0,0.0,0.0,0.0,0.0,0.0,0.0,0.0,0.0,0.0,0.0,0.0,0.0,0.0,0.0,0.0,0.0,0.0,0.0,0.0,0.0,0.0,0.0,0.0,0.0,0.0,0.0,0.0,0.0,1.0,1.0,1.0,2.0,2.0,2.0,2.0,2.0,2.0,2.0,2.0,2.0,2.0,2.0,2.0,2.0,2.0,2.0,2.0,2.0,2.0,2.0,2.0,2.0,2.0,2.0,2.0,2.0,2.0,0.0,0.0,0.0,0.0,0.0,0.0,0.0,0.0,0.0,0.0,0.0,0.0,0.0,0.0,0.0,0.0,0.0,0.0,0.0,0.0,0.0,0.0,0.0,1.0,1.0,1.0,2.0,2.0,2.0,2.0,2.0,2.0,2.0,2.0,2.0,2.0,2.0,2.0,2.0,2.0,2.0,2.0,2.0,2.0,2.0,2.0,2.0,2.0,2.0,2.0,2.0,2.0,2.0,2.0,2.0,2.0,2.0,2.0,2.0,2.0,2.0,2.0,2.0,2.0,2.0,2.0
audio_send_bitsSentPerSecond,20192.0,20696.0,20088.0,20187.81218781219,20108.108108108107,20523.476523476522,19731.731731731732,20376.0,19867.867867867866,19316.683316683317,19664.0,20872.0,19920.0,19835.835835835835,21146.853146853147,20232.0,20472.0,19771.77177177177,20000.0,19508.49150849151,19440.0,19584.0,19832.0,19664.0,19883.883883883886,20059.94005994006,19675.675675675677,19716.283716283717,19912.0,20208.0,20400.0,20544.0,20360.0,21096.0,20228.22822822823,20248.0,20096.0,20507.49250749251,20400.0,20928.0,20584.0,20224.0,20672.0,20448.0,19416.0,20424.0,20528.0,20200.0,20720.0,20456.0,20184.0,20384.0,19720.0,19568.0,20760.0,20168.0,19936.0,21152.0,20160.0,20248.0,20508.50850850851,20323.676323676325,20500.5005005005,20275.724275724275,20504.0,20224.0,0.0,20362.34458259325,19162.79069767442,20288.0,20312.0,20552.0,19960.0,20760.0,19968.0,19600.0,20600.0,20004.004004004004,20064.0,20344.0,20072.0,20600.0,20712.0,20352.0,20560.0,19904.0,21322.677322677322,19203.203203203204,20448.0,19552.0,19840.0,20184.0,20376.0,20712.0,19600.0,19936.0,19704.0,19848.0,21200.0,20243.756243756245,20380.380380380382,19816.0,19304.0,20880.0,20848.0,19992.0,20512.0,20312.0,20539.46053946054,20468.46846846847,20648.0,20776.0,20288.0,20728.0,20475.524475524475,20240.0,20472.0,19899.8998998999,21192.0,20883.116883116883,20540.54054054054,20160.0,20672.0,19928.0,20083.916083916083,20932.932932932934,20779.22077922078,20232.0,20792.0,20644.644644644646,19448.0,20331.66833166833,16184.0,15232.767232767234,17280.0,15191.191191191192,17304.0,16175.824175824177,16216.0,16208.208208208209,15456.0,16432.0,16223.776223776224,16664.664664664666,16200.0,16079.92007992008,16112.0,15312.0,15983.983983983984,15440.0,15440.0,15424.575424575425,15455.455455455456,15424.575424575425,15455.455455455456,15424.575424575425,15455.455455455456,15440.0,15440.0,15440.0,15424.575424575425,15455.455455455456,15440.0,15440.0,15128.0,15776.0,15440.0,15424.575424575425,15455.455455455456,15440.0,15568.0,15440.0,15440.0,15424.575424575425,15455.455455455456,15744.0,15440.0,15424.575424575425,15072.0,15624.0,16216.216216216217,15456.0,15760.0,15656.0,15440.0,15440.0,15440.0,15056.943056943057,15440.0,15583.583583583584,15112.887112887112,15087.087087087088,15608.391608391608,15639.63963963964,15640.35964035964,14880.0,15799.799799799799,15440.0
audio_send_packetsLost,442.0,442.0,442.0,442.0,442.0,442.0,442.0,497.0,497.0,497.0,497.0,497.0,497.0,497.0,497.0,497.0,497.0,497.0,497.0,497.0,497.0,497.0,497.0,596.0,596.0,596.0,638.0,638.0,638.0,638.0,638.0,675.0,675.0,675.0,675.0,675.0,675.0,756.0,756.0,756.0,756.0,756.0,756.0,756.0,774.0,774.0,774.0,774.0,774.0,774.0,868.0,868.0,868.0,868.0,868.0,868.0,896.0,896.0,896.0,900.0,900.0,900.0,900.0,900.0,900.0,973.0,423.0,423.0,424.0,424.0,424.0,424.0,424.0,424.0,424.0,424.0,424.0,424.0,424.0,424.0,424.0,424.0,427.0,427.0,427.0,427.0,427.0,427.0,462.0,462.0,462.0,462.0,462.0,462.0,462.0,462.0,462.0,462.0,554.0,554.0,554.0,554.0,590.0,590.0,590.0,590.0,590.0,590.0,608.0,608.0,608.0,675.0,675.0,675.0,675.0,675.0,675.0,709.0,709.0,709.0,709.0,709.0,709.0,769.0,769.0,787.0,787.0,787.0,804.0,804.0,804.0,804.0,1.0,1.0,1.0,1.0,1.0,1.0,1.0,1.0,1.0,1.0,1.0,1.0,1.0,1.0,1.0,1.0,1.0,1.0,1.0,1.0,1.0,1.0,1.0,1.0,1.0,1.0,1.0,1.0,1.0,1.0,1.0,1.0,1.0,1.0,1.0,1.0,1.0,1.0,1.0,1.0,1.0,1.0,1.0,1.0,1.0,1.0,1.0,1.0,1.0,1.0,1.0,1.0,1.0,1.0,1.0,1.0,1.0,1.0,1.0,1.0,1.0,1.0,1.0,1.0,1.0,1.0
audio_send_packetsSentPerSecond,50.0,50.0,50.0,49.95004995004995,50.050050050050054,50.94905094905095,49.049049049049046,50.0,50.050050050050054,49.95004995004995,50.0,50.0,50.0,50.050050050050054,49.95004995004995,50.0,50.0,50.050050050050054,50.0,49.95004995004995,50.0,50.0,50.0,50.0,50.050050050050054,49.95004995004995,50.050050050050054,49.95004995004995,50.0,50.0,50.0,50.0,50.0,50.0,50.050050050050054,50.0,50.0,49.95004995004995,50.0,50.0,50.0,50.0,50.0,50.0,50.0,50.0,50.0,50.0,50.0,50.0,50.0,50.0,50.0,50.0,50.0,50.0,50.0,50.0,50.0,50.0,50.050050050050054,49.95004995004995,50.050050050050054,49.95004995004995,50.0,50.0,0.0,49.733570159857905,49.83388704318937,50.0,50.0,50.0,50.0,50.0,50.0,50.0,50.0,50.050050050050054,50.0,50.0,50.0,50.0,50.0,50.0,50.0,50.0,49.95004995004995,50.050050050050054,50.0,50.0,50.0,50.0,50.0,50.0,50.0,50.0,50.0,50.0,50.0,49.95004995004995,50.050050050050054,50.0,50.0,50.0,50.0,50.0,50.0,50.0,49.95004995004995,50.050050050050054,50.0,50.0,50.0,50.0,49.95004995004995,50.0,50.0,50.050050050050054,50.0,49.95004995004995,50.050050050050054,50.0,50.0,50.0,49.95004995004995,50.050050050050054,49.95004995004995,50.0,50.0,50.050050050050054,50.0,49.95004995004995,50.0,48.95104895104895,51.0,48.048048048048045,52.0,49.95004995004995,50.0,50.050050050050054,50.0,50.0,49.95004995004995,50.050050050050054,50.0,49.95004995004995,50.0,49.0,51.051051051051054,50.0,50.0,49.95004995004995,50.050050050050054,49.95004995004995,50.050050050050054,49.95004995004995,50.050050050050054,50.0,50.0,50.0,49.95004995004995,50.050050050050054,50.0,50.0,50.0,50.0,50.0,49.95004995004995,50.050050050050054,50.0,50.0,50.0,50.0,49.95004995004995,50.050050050050054,50.0,50.0,49.95004995004995,48.0,51.0,51.051051051051054,50.0,50.0,50.0,50.0,50.0,50.0,49.95004995004995,50.0,50.050050050050054,49.95004995004995,48.048048048048045,50.94905094905095,51.051051051051054,49.95004995004995,50.0,50.050050050050054,50.0
audio_send_googJitterReceived,20.0,20.0,20.0,20.0,20.0,20.0,20.0,9.0,9.0,9.0,9.0,9.0,7.0,7.0,7.0,6.0,6.0,6.0,6.0,6.0,6.0,6.0,6.0,35.0,35.0,35.0,8.0,8.0,8.0,8.0,8.0,16.0,16.0,16.0,16.0,16.0,16.0,8.0,8.0,8.0,8.0,8.0,8.0,8.0,18.0,18.0,18.0,18.0,18.0,18.0,22.0,22.0,22.0,22.0,22.0,22.0,8.0,8.0,8.0,19.0,19.0,19.0,19.0,19.0,19.0,16.0,10.0,10.0,7.0,7.0,7.0,7.0,7.0,7.0,8.0,8.0,8.0,8.0,8.0,8.0,8.0,8.0,9.0,9.0,9.0,9.0,9.0,9.0,11.0,11.0,11.0,11.0,11.0,11.0,11.0,11.0,11.0,11.0,10.0,10.0,10.0,10.0,30.0,30.0,30.0,30.0,30.0,30.0,26.0,26.0,26.0,17.0,17.0,17.0,17.0,17.0,17.0,25.0,25.0,25.0,25.0,25.0,25.0,15.0,15.0,9.0,9.0,9.0,13.0,13.0,13.0,13.0,114.0,114.0,114.0,114.0,114.0,102.0,102.0,102.0,102.0,102.0,123.0,123.0,123.0,123.0,123.0,100.0,100.0,100.0,100.0,100.0,100.0,100.0,100.0,100.0,100.0,100.0,97.0,97.0,97.0,97.0,97.0,97.0,98.0,98.0,118.0,118.0,118.0,118.0,118.0,93.0,93.0,93.0,93.0,93.0,99.0,99.0,99.0,99.0,99.0,99.0,99.0,124.0,124.0,124.0,101.0,101.0,101.0,101.0,101.0,101.0,101.0,98.0,98.0,98.0,98.0,98.0
audio_send_googRtt,6279.0,6279.0,6279.0,6279.0,6279.0,6279.0,6279.0,4115.0,4115.0,4115.0,4115.0,4115.0,5571.0,5571.0,5571.0,5872.0,5872.0,5872.0,5872.0,5872.0,5872.0,5872.0,5872.0,5970.0,5970.0,5970.0,7017.0,7017.0,7017.0,7017.0,7017.0,7074.0,7074.0,7074.0,7074.0,7074.0,7074.0,6158.0,6158.0,6158.0,6158.0,6158.0,6158.0,6158.0,6438.0,6438.0,6438.0,6438.0,6438.0,6438.0,7010.0,7010.0,7010.0,7010.0,7010.0,7010.0,6280.0,6280.0,6280.0,6285.0,6285.0,6285.0,6285.0,6285.0,6285.0,7685.0,9171.0,9171.0,3927.0,3927.0,3927.0,3927.0,3927.0,3927.0,4088.0,4088.0,4088.0,4088.0,4088.0,4088.0,4088.0,4088.0,7055.0,7055.0,7055.0,7055.0,7055.0,7055.0,6281.0,6281.0,6281.0,6281.0,6281.0,6281.0,6281.0,6281.0,6281.0,6281.0,7032.0,7032.0,7032.0,7032.0,5970.0,5970.0,5970.0,5970.0,5970.0,5970.0,7185.0,7185.0,7185.0,6302.0,6302.0,6302.0,6302.0,6302.0,6302.0,6587.0,6587.0,6587.0,6587.0,6587.0,6587.0,7779.0,7779.0,7051.0,7051.0,7051.0,7013.0,7013.0,7013.0,7013.0,3492.0,3492.0,3492.0,3492.0,3492.0,2345.0,2345.0,2345.0,2345.0,2345.0,2451.0,2451.0,2451.0,2451.0,2451.0,3359.0,3359.0,3359.0,3359.0,3359.0,3359.0,3359.0,3359.0,3359.0,3359.0,3359.0,3574.0,3574.0,3574.0,3574.0,3574.0,3574.0,3148.0,3148.0,2914.0,2914.0,2914.0,2914.0,2914.0,3099.0,3099.0,3099.0,3099.0,3099.0,3887.0,3887.0,3887.0,3887.0,3887.0,3887.0,3887.0,3121.0,3121.0,3121.0,3098.0,3098.0,3098.0,3098.0,3098.0,3098.0,3098.0,3201.0,3201.0,3201.0,3201.0,3201.0
video_send_bitsSentPerSecond,117088.0,105128.0,86424.0,116779.22077922078,147603.6036036036,135824.17582417582,173501.5015015015,169136.0,181253.25325325326,214401.5984015984,206144.0,229760.0,260360.0,278726.72672672675,285738.26173826173,279088.0,279800.0,280296.2962962963,267664.0,287504.4955044955,264864.0,224112.0,230792.0,277624.0,275755.75575575576,210645.35464535464,201457.45745745747,290141.85814185813,233176.0,244024.0,152552.0,138792.0,136144.0,178888.0,202514.5145145145,194416.0,238960.0,228699.3006993007,264296.0,266424.0,240496.0,262032.0,240640.0,225416.0,251552.0,272792.0,245760.0,189056.0,194784.0,197120.0,195128.0,190856.0,192944.0,230920.0,226600.0,207424.0,227008.0,219664.0,253144.0,229992.0,210298.2982982983,198057.94205794207,189477.47747747749,202565.43456543455,200344.0,184720.0,0.0,177089.40201302545,155774.08637873753,191792.0,176272.0,176920.0,187536.0,197568.0,194952.0,185208.0,206040.0,200872.87287287286,232576.0,242736.0,206600.0,203040.0,188928.0,207664.0,195056.0,185120.0,224127.87212787214,200080.08008008008,231184.0,227232.0,221312.0,214016.0,257600.0,259576.0,224616.0,200984.0,250624.0,210656.0,225616.0,227644.35564435564,220020.02002002002,215256.0,266264.0,239680.0,208200.0,199584.0,233208.0,240304.0,245866.13386613387,205349.34934934936,232656.0,219520.0,184216.0,214296.0,262329.6703296703,224280.0,216976.0,247023.02302302304,271856.0,213426.57342657342,241505.5055055055,226232.0,217384.0,236088.0,218277.72227772226,220348.34834834834,238721.2787212787,207624.0,230048.0,217777.77777777778,235464.0,218373.62637362638,25336.0,35260.73926073926,36360.0,39183.18318318318,31560.0,30593.406593406595,31648.0,33721.72172172172,35456.0,40136.0,47936.06393606393,39039.03903903904,53320.0,59788.21178821179,73072.0,65920.0,66954.95495495496,76616.0,82976.0,72063.93606393607,48280.28028028028,56655.344655344656,60012.01201201201,70889.11088911089,80168.16816816817,76664.0,76736.0,77160.0,92379.62037962038,94750.75075075075,97400.0,91744.0,128000.0,102640.0,93520.0,61274.72527472527,45669.66966966967,63024.0,65688.0,64048.0,77528.0,64263.73626373626,95399.3993993994,76880.0,57704.0,45162.83716283716,37232.0,36632.0,44772.772772772776,54896.0,47176.0,50312.0,59368.0,68728.0,76480.0,79424.57542457542,88736.0,82418.41841841841,88687.31268731269,37141.14114114114,45882.117882117884,38526.526526526526,35844.155844155845,50760.0,48272.272272272276,60184.0
video_send_packetsLost,635.0,417.0,638.0,631.0,628.0,628.0,628.0,628.0,628.0,628.0,628.0,628.0,628.0,628.0,639.0,648.0,654.0,678.0,712.0,755.0,786.0,797.0,813.0,832.0,835.0,845.0,850.0,671.0,891.0,928.0,953.0,963.0,970.0,966.0,963.0,959.0,959.0,959.0,962.0,971.0,986.0,991.0,1013.0,1021.0,1052.0,1100.0,1128.0,1141.0,1152.0,1156.0,1165.0,1171.0,1172.0,1180.0,1185.0,1187.0,1189.0,1017.0,1239.0,1273.0,1272.0,1287.0,1295.0,1303.0,1314.0,1317.0,511.0,511.0,511.0,511.0,511.0,511.0,511.0,511.0,511.0,511.0,511.0,511.0,511.0,522.0,545.0,556.0,562.0,579.0,586.0,587.0,599.0,601.0,604.0,607.0,612.0,618.0,654.0,688.0,704.0,706.0,714.0,733.0,743.0,762.0,769.0,778.0,782.0,786.0,790.0,804.0,832.0,857.0,884.0,886.0,899.0,907.0,911.0,914.0,736.0,925.0,928.0,961.0,1002.0,1012.0,1010.0,1030.0,1045.0,1056.0,1065.0,1076.0,1092.0,1099.0,1104.0,1106.0,1121.0,1142.0,0.0,0.0,0.0,0.0,0.0,0.0,0.0,0.0,0.0,0.0,0.0,0.0,0.0,0.0,0.0,0.0,0.0,0.0,0.0,0.0,0.0,0.0,0.0,0.0,0.0,0.0,0.0,0.0,0.0,0.0,0.0,0.0,0.0,0.0,0.0,0.0,0.0,0.0,0.0,0.0,0.0,0.0,0.0,0.0,0.0,0.0,0.0,0.0,0.0,0.0,0.0,0.0,0.0,0.0,0.0,0.0,0.0,0.0,0.0,0.0,0.0,0.0,0.0,0.0,0.0,0.0
video_send_packetsSentPerSecond,32.0,39.0,58.0,62.93706293706294,65.06506506506507,61.938061938061935,63.06306306306306,60.0,60.06006006006006,59.94005994005994,60.0,79.0,96.0,103.10310310310311,94.9050949050949,107.0,89.0,92.09209209209209,75.0,71.92807192807193,70.0,64.0,65.0,71.0,72.07207207207207,68.93106893106894,65.06506506506507,69.93006993006993,73.0,68.0,44.0,58.0,64.0,72.0,76.07607607607608,60.0,70.0,79.92007992007991,96.0,82.0,70.0,91.0,74.0,62.0,67.0,72.0,68.0,64.0,64.0,62.0,63.0,62.0,60.0,63.0,63.0,61.0,62.0,64.0,70.0,68.0,63.06306306306306,61.938061938061935,63.06306306306306,62.93706293706294,63.0,62.0,0.0,59.79869745411486,59.800664451827245,62.0,60.0,60.0,60.0,60.0,60.0,60.0,60.0,59.05905905905906,61.0,67.0,62.0,64.0,61.0,64.0,62.0,61.0,63.93606393606394,61.06106106106106,61.0,61.0,64.0,62.0,69.0,69.0,64.0,63.0,71.0,64.0,62.0,65.93406593406593,64.06406406406407,63.0,68.0,66.0,45.0,55.0,66.0,70.0,70.92907092907093,65.06506506506507,57.0,46.0,62.0,61.0,66.93306693306694,64.0,60.0,69.06906906906907,71.0,62.93706293706294,65.06506506506507,64.0,62.0,63.0,61.938061938061935,64.06406406406407,63.93606393606394,62.0,61.0,62.06206206206206,65.0,64.93506493506493,9.0,12.987012987012987,11.0,15.015015015015015,6.0,5.994005994005994,7.0,10.01001001001001,8.0,6.0,8.991008991008991,18.01801801801802,33.0,39.96003996003996,24.0,31.0,20.02002002002002,29.0,46.0,18.98101898101898,9.00900900900901,33.96603396603397,34.034034034034036,50.94905094905095,28.02802802802803,40.0,25.0,30.0,49.95004995004995,31.03103103103103,34.0,58.0,60.0,60.0,42.0,24.975024975024976,13.013013013013014,18.0,28.0,14.0,16.0,33.96603396603397,47.047047047047045,48.0,20.0,9.99000999000999,10.0,9.0,11.01101101101101,9.0,7.0,20.0,37.0,51.0,29.0,43.956043956043956,27.0,31.03103103103103,48.95104895104895,12.012012012012011,10.989010989010989,12.012012012012011,12.987012987012987,28.0,14.014014014014014,17.0
video_send_googEncodeUsagePercent,11.0,11.0,11.0,11.0,11.0,11.0,11.0,11.0,11.0,11.0,11.0,11.0,11.0,11.0,11.0,11.0,11.0,11.0,11.0,11.0,11.0,11.0,11.0,11.0,11.0,11.0,11.0,11.0,11.0,11.0,11.0,11.0,11.0,11.0,11.0,11.0,11.0,11.0,11.0,11.0,11.0,11.0,11.0,11.0,11.0,11.0,11.0,11.0,11.0,11.0,11.0,11.0,11.0,11.0,11.0,11.0,11.0,11.0,11.0,11.0,11.0,11.0,11.0,11.0,11.0,11.0,13.0,13.0,13.0,13.0,12.0,12.0,12.0,12.0,12.0,12.0,12.0,12.0,11.0,11.0,11.0,11.0,11.0,11.0,11.0,11.0,11.0,11.0,11.0,11.0,11.0,11.0,11.0,11.0,11.0,11.0,11.0,11.0,11.0,11.0,11.0,11.0,11.0,11.0,11.0,11.0,11.0,11.0,11.0,11.0,11.0,11.0,11.0,11.0,11.0,11.0,11.0,11.0,11.0,11.0,11.0,11.0,11.0,11.0,11.0,11.0,11.0,11.0,11.0,11.0,11.0,11.0,12.0,12.0,12.0,12.0,12.0,12.0,12.0,12.0,13.0,13.0,13.0,13.0,13.0,12.0,12.0,12.0,12.0,12.0,12.0,12.0,12.0,12.0,12.0,12.0,11.0,11.0,11.0,11.0,11.0,11.0,11.0,11.0,11.0,11.0,11.0,11.0,11.0,11.0,12.0,11.0,12.0,12.0,12.0,12.0,11.0,11.0,12.0,12.0,12.0,12.0,12.0,13.0,12.0,12.0,12.0,12.0,11.0,12.0,12.0,11.0,12.0,13.0,13.0,12.0,12.0,12.0
video_send_googFrameHeightSent,180.0,180.0,180.0,180.0,180.0,180.0,180.0,180.0,180.0,180.0,180.0,180.0,180.0,180.0,180.0,180.0,180.0,180.0,180.0,180.0,180.0,180.0,180.0,180.0,180.0,180.0,180.0,180.0,180.0,180.0,180.0,180.0,180.0,180.0,180.0,180.0,180.0,180.0,180.0,180.0,180.0,180.0,180.0,180.0,180.0,180.0,180.0,180.0,180.0,180.0,180.0,180.0,180.0,180.0,180.0,180.0,180.0,180.0,180.0,180.0,180.0,180.0,180.0,180.0,180.0,180.0,180.0,180.0,180.0,180.0,180.0,180.0,180.0,180.0,180.0,180.0,180.0,180.0,180.0,180.0,180.0,180.0,180.0,180.0,180.0,180.0,180.0,180.0,180.0,180.0,180.0,180.0,180.0,180.0,180.0,180.0,180.0,180.0,180.0,180.0,180.0,180.0,180.0,180.0,180.0,180.0,180.0,180.0,180.0,180.0,180.0,180.0,180.0,180.0,180.0,180.0,180.0,180.0,180.0,180.0,180.0,180.0,180.0,180.0,180.0,180.0,180.0,180.0,180.0,180.0,180.0,180.0,180.0,180.0,180.0,180.0,180.0,180.0,180.0,180.0,180.0,180.0,180.0,180.0,180.0,180.0,180.0,180.0,180.0,180.0,180.0,180.0,180.0,180.0,180.0,180.0,180.0,180.0,180.0,180.0,180.0,180.0,180.0,180.0,180.0,180.0,180.0,180.0,180.0,180.0,180.0,180.0,180.0,180.0,180.0,180.0,180.0,180.0,180.0,180.0,180.0,180.0,180.0,180.0,180.0,180.0,180.0,180.0,180.0,180.0,180.0,180.0,180.0,180.0,180.0,180.0,180.0,180.0
video_send_googFrameRateSent,26.0,36.0,58.0,59.0,60.0,59.0,60.0,60.0,60.0,60.0,60.0,60.0,60.0,60.0,60.0,60.0,59.0,60.0,60.0,60.0,60.0,60.0,60.0,60.0,60.0,60.0,60.0,60.0,60.0,54.0,37.0,54.0,60.0,60.0,60.0,60.0,60.0,60.0,60.0,60.0,60.0,60.0,60.0,60.0,60.0,60.0,60.0,60.0,60.0,60.0,60.0,60.0,60.0,60.0,60.0,60.0,60.0,60.0,59.0,60.0,60.0,60.0,60.0,60.0,60.0,59.0,60.0,59.0,59.0,60.0,59.0,60.0,60.0,59.0,60.0,59.0,59.0,59.0,59.0,59.0,59.0,59.0,59.0,59.0,59.0,59.0,59.0,59.0,59.0,59.0,59.0,59.0,59.0,59.0,59.0,59.0,59.0,59.0,59.0,59.0,59.0,59.0,59.0,56.0,36.0,45.0,54.0,59.0,59.0,59.0,45.0,33.0,58.0,59.0,59.0,59.0,59.0,59.0,59.0,59.0,59.0,59.0,59.0,59.0,59.0,59.0,59.0,59.0,59.0,59.0,59.0,59.0,2.0,12.0,11.0,15.0,5.0,6.0,2.0,4.0,7.0,6.0,9.0,18.0,32.0,39.0,24.0,31.0,20.0,28.0,45.0,18.0,9.0,33.0,33.0,51.0,27.0,39.0,25.0,30.0,49.0,31.0,35.0,57.0,57.0,60.0,42.0,25.0,13.0,18.0,27.0,14.0,15.0,34.0,44.0,48.0,20.0,9.0,4.0,5.0,11.0,6.0,7.0,20.0,37.0,51.0,29.0,44.0,27.0,31.0,50.0,11.0,11.0,12.0,13.0,27.0,15.0,17.0
video_send_googFrameWidthSent,320.0,320.0,320.0,320.0,320.0,320.0,320.0,320.0,320.0,320.0,320.0,320.0,320.0,320.0,320.0,320.0,320.0,320.0,320.0,320.0,320.0,320.0,320.0,320.0,320.0,320.0,320.0,320.0,320.0,320.0,320.0,320.0,320.0,320.0,320.0,320.0,320.0,320.0,320.0,320.0,320.0,320.0,320.0,320.0,320.0,320.0,320.0,320.0,320.0,320.0,320.0,320.0,320.0,320.0,320.0,320.0,320.0,320.0,320.0,320.0,320.0,320.0,320.0,320.0,320.0,320.0,320.0,320.0,320.0,320.0,320.0,320.0,320.0,320.0,320.0,320.0,320.0,320.0,320.0,320.0,320.0,320.0,320.0,320.0,320.0,320.0,320.0,320.0,320.0,320.0,320.0,320.0,320.0,320.0,320.0,320.0,320.0,320.0,320.0,320.0,320.0,320.0,320.0,320.0,320.0,320.0,320.0,320.0,320.0,320.0,320.0,320.0,320.0,320.0,320.0,320.0,320.0,320.0,320.0,320.0,320.0,320.0,320.0,320.0,320.0,320.0,320.0,320.0,320.0,320.0,320.0,320.0,320.0,320.0,320.0,320.0,320.0,320.0,320.0,320.0,320.0,320.0,320.0,320.0,320.0,320.0,320.0,320.0,320.0,320.0,320.0,320.0,320.0,320.0,320.0,320.0,320.0,320.0,320.0,320.0,320.0,320.0,320.0,320.0,320.0,320.0,320.0,320.0,320.0,320.0,320.0,320.0,320.0,320.0,320.0,320.0,320.0,320.0,320.0,320.0,320.0,320.0,320.0,320.0,320.0,320.0,320.0,320.0,320.0,320.0,320.0,320.0,320.0,320.0,320.0,320.0,320.0,320.0
video_send_googRtt,4380.0,4470.0,4402.0,4322.0,4202.0,4062.0,3939.0,3855.0,3847.0,3682.0,3469.0,3159.0,3117.0,3305.0,3462.0,3589.0,3693.0,3829.0,4034.0,4192.0,4268.0,4059.0,4075.0,4085.0,4103.0,4240.0,4224.0,4357.0,4523.0,4349.0,4126.0,4237.0,4506.0,4498.0,4474.0,4428.0,3941.0,3589.0,3707.0,3978.0,4015.0,4042.0,4060.0,3862.0,3723.0,4060.0,4236.0,4286.0,4321.0,4297.0,4441.0,4593.0,4540.0,4495.0,4480.0,4461.0,4480.0,4484.0,4538.0,4363.0,4357.0,4474.0,4406.0,4003.0,4044.0,4078.0,3544.0,2632.0,2632.0,2579.0,2543.0,2306.0,2355.0,2399.0,2282.0,2438.0,2593.0,2661.0,2816.0,3057.0,3237.0,3330.0,3364.0,3693.0,3920.0,3683.0,3522.0,3800.0,4182.0,4384.0,4381.0,4453.0,4504.0,4291.0,4142.0,4222.0,4209.0,4195.0,4183.0,4249.0,4492.0,4663.0,4782.0,4699.0,4787.0,4743.0,4314.0,4214.0,4366.0,4725.0,4868.0,4388.0,4493.0,4725.0,4718.0,4329.0,4494.0,4610.0,4777.0,4876.0,4946.0,4915.0,4418.0,4543.0,4921.0,5084.0,5092.0,5092.0,4504.0,4674.0,4820.0,4367.0,398.0,286.0,416.0,645.0,685.0,657.0,710.0,736.0,662.0,610.0,682.0,747.0,686.0,487.0,349.0,408.0,590.0,755.0,737.0,523.0,433.0,373.0,471.0,537.0,591.0,767.0,895.0,847.0,600.0,427.0,519.0,726.0,854.0,798.0,759.0,905.0,1024.0,937.0,663.0,657.0,653.0,649.0,646.0,460.0,330.0,493.0,607.0,433.0,542.0,619.0,673.0,710.0,693.0,681.0,484.0,534.0,569.0,406.0,291.0,264.0,245.0,366.0,578.0,734.0,717.0,510.0
video_recv_resolutionChangesReceived,0,0,0,0,0,0,0,0,0,0,0,0,0,0,0,0,0,0,0,0,0,0,0,0,0,0,0,0,0,0,0,0,0,0,0,0,0,0,0,0,0,0,0,0,0,0,0,0,0,0,0,0,0,0,0,0,0,0,0,0,0,0,0,0,0,0,0,0,0,0,0,0,0,0,0,0,0,0,0,0,0,0,0,0,0,0,0,0,0,0,0,0,0,0,0,0,0,0,0,0,0,0,0,0,0,0,0,0,0,0,0,0,0,0,0,0,0,0,0,0,0,0,0,0,0,0,0,0,0,0,0,0,0,0,0,0,0,0,0,0,0,0,0,0,0,0,0,0,0,0,0,0,0,0,0,0,0,0,0,0,0,0,0,0,0,0,0,0,0,0,0,0,0,0,0,0,0,0,0,0,0,0,0,0,0,0,0,0,0,0,0,0,0,0,0,0,0,0,0,0,0,0,0,0,0,0,0,0,0,0,0,0,0,0,0,0,0,0,0,0,0,0,0,0,0,0,0,0,0,0,0,0,0,0,0,0,0,0,0,0,0,0,0,0,0,0,0,0,0,0,0,0,0,0,0,0,0,0,0,0,0,0,0,0,0,0,0,0,0,0,0,0,0,0,0,0,0,0,0,0,0,0,0,0,0,0,0,0,0,0,0,0,0,0,0,0,0,0,0,0,0,0,0,0,0,0,0,0,0,0,0,0,0,0,0,0,0,0,0,0,0,0,0,0,0,0,0,0,0,0,0,0,0,0,0,0,0,0,0,0,0,0,0,0,0,0,0,0,0,0,0,0,0,0,0,0,0,0,0,0,0,0,0,0,0,0,0,0,0,0,0,0,0,0,0,0,0,0,0,0,0,0,0,0,0,0,0,0,0,0,0,0,0,0,0,0
video_send_resolutionChangesSent,0,0,0,0,0,0,0,0,0,0,0,0,0,0,0,0,0,0,0,0,0,0,0,0,0,0,0,0,0,0,0,0,0,0,0,0,0,0,0,0,0,0,0,0,0,0,0,0,0,0,0,0,0,0,0,0,0,0,0,0,0,0,0,0,0,0,0,0,0,0,0,0,0,0,0,0,0,0,0,0,0,0,0,0,0,0,0,0,0,0,0,0,0,0,0,0,0,0,0,0,0,0,0,0,0,0,0,0,0,0,0,0,0,0,0,0,0,0,0,0,0,0,0,0,0,0,0,0,0,0,0,0,0,0,0,0,0,0,0,0,0,0,0,0,0,0,0,0,0,0,0,0,0,0,0,0,0,0,0,0,0,0,0,0,0,0,0,0,0,0,0,0,0,0,0,0,0,0,0,0,0,0,0,0,0,0,0,0,0,0,0,0,0,0,0,0,0,0
audio_recv_kbitsReceivedPerSecond,21,23,22,21,19,21,18,15,15,13,14,15,19,20,20,19,19,16,21,19,20,18,16,14,13,14,18,18,18,18,18,16,19,17,20,19,18,9,14,10,17,14,16,23,16,23,19,14,13,16,17,16,19,17,18,18,16,17,22,19,18,19,14,14,13,16,7,7,7,3,10,7,7,7,6,7,7,7,7,7,7,7,6,6,3,10,6,6,6,6,6,6,6,6,6,6,6,6,7,3,10,6,6,6,7,6,6,6,6,3,10,6,6,6,7,6,6,5,6,6,6,6,6,6,2,10,6,6,6,7,6,6,0,6,6,9,7,7,7,7,6,7,7,7,7,7,7,7,6,3,9,7,6,6,6,6,6,6,6,6,6,6,6,7,3,6,10,6,6,7,6,6,6,6,3,10,6,6,6,7,6,6,5,6,6,6,6,6,6,3,9,6,6,6,7,7,6,6,0,26,29,30,17,14,22,22,20,15,13,17,17,19,11,11,12,15,12,13,18,14,16,15,9,14,13,18,15,16,17,21,22,24,22,21,13,18,19,15,8,9,13,19,15,18,15,19,19,19,21,21,18,19,14,15,11,19,17,20,17,15,19,19,21,20,19,21,22,22,20,22,18,20,11,16,13,14,18,19,19,17,22,18,19,18,20,20,19,11,14,13,19,18,15,20,16,16,19,19,17,19,19,9,14,10,16,14,14,22,19,19,20,18,10,15,17,18,16,16,20,16,18,18,21,19,18,19,16,13,15,14,19,21,26,27,27,21,11,22,23,19,14,15,17,16,19,9,14,10,16,12,13,17,15,16,13,11,14,13,16,18,16,19,19,22,25,23,19,12,18,19,13,10,11,12,20,16,17,16,19,19,19,21,20,18,17,15,13,15,19,18,18,17,15,20,20,20
kpi_q_audio,3,3,3,3,3,3,3,2,2,2,2,2,3,3,3,3,3,3,3,3,3,3,3,2,2,2,3,3,3,3,3,3,3,3,3,3,3,1,2,2,3,2,3,3,3,3,3,2,2,3,3,3,3,3,3,3,3,3,3,3,3,3,2,2,2,3,1,1,1,1,2,1,1,1,1,1,1,1,1,1,1,1,1,1,1,2,1,1,1,1,1,1,1,1,1,1,1,1,1,1,2,1,1,1,1,1,1,1,1,1,2,1,1,1,1,1,1,1,1,1,1,1,1,1,1,2,1,1,1,1,1,1,1,1,1,1,1,1,1,1,1,1,1,1,1,1,1,1,1,1,1,1,1,1,1,1,1,1,1,1,1,1,1,1,1,1,2,1,1,1,1,1,1,1,1,2,1,1,1,1,1,1,1,1,1,1,1,1,1,1,1,1,1,1,1,1,1,1,1,4,4,4,3,2,3,3,3,2,2,3,3,3,2,2,2,2,2,2,3,2,3,2,2,2,2,3,2,3,3,3,3,4,3,3,2,3,3,2,1,2,2,3,2,3,2,3,3,3,3,3,3,3,2,2,2,3,3,3,3,2,3,3,3,3,3,3,3,3,3,3,3,3,2,3,2,2,3,3,3,3,3,3,3,3,3,3,3,2,2,2,3,3,2,3,3,3,3,3,3,3,3,1,2,2,3,2,2,3,3,3,3,3,2,2,3,3,3,3,3,3,3,3,3,3,3,3,3,2,2,2,3,3,4,4,4,3,2,3,3,3,2,2,3,3,3,1,2,2,3,2,2,3,2,3,2,2,2,2,3,3,3,3,3,3,4,3,3,2,3,3,2,2,2,2,3,3,3,3,3,3,3,3,3,3,3,2,2,2,3,3,3,3,2,3,3,3
video_recv_kbitsReceivedPerSecond,157,159,165,165,174,163,168,123,139,112,146,139,173,166,171,171,168,158,161,161,162,171,136,131,132,135,154,167,173,162,169,160,159,166,157,162,169,130,102,114,165,161,128,156,145,145,152,138,130,105,120,150,158,150,165,170,158,161,167,163,169,173,140,127,111,163,25,31,32,22,46,42,6,37,35,31,43,46,51,62,69,60,76,75,45,101,50,51,66,70,73,79,75,77,96,93,96,90,132,53,123,56,53,63,70,65,68,66,95,43,82,34,30,45,43,34,53,51,65,72,70,86,80,81,47,80,31,40,41,50,47,53,0,28,32,52,23,31,13,42,30,48,35,50,59,71,68,62,77,47,102,63,45,59,66,81,76,76,75,84,91,96,96,119,73,100,92,49,64,60,74,70,55,99,41,92,53,14,37,40,54,44,42,62,65,76,74,90,78,51,88,41,38,37,45,54,42,55,0,105,119,121,80,84,151,148,157,164,121,176,176,170,90,98,107,137,131,141,138,165,153,145,95,124,121,155,150,174,174,125,149,138,120,146,138,168,147,161,92,110,103,166,135,157,169,164,159,152,146,153,168,147,111,136,132,159,161,153,168,153,162,155,161,168,157,159,164,167,171,162,170,160,96,141,122,140,166,173,174,155,183,152,169,159,167,163,168,100,127,139,158,160,181,163,162,160,162,151,169,161,176,120,138,93,161,168,113,161,139,158,153,161,106,120,102,150,157,152,168,163,164,151,168,170,165,173,138,140,116,151,175,147,105,116,106,99,80,155,150,161,162,120,179,172,161,74,120,107,138,125,140,141,176,148,125,119,119,124,157,144,186,157,128,144,138,129,144,139,171,148,130,119,104,110,155,146,159,162,168,162,148,149,153,167,125,136,106,158,164,161,152,170,150,161,150,163
kpi_resolution_stability,4.303535113616246,4.303535113616246,4.303535113616246,4.303535113616246,4.303535113616246,4.303535113616246,4.303535113616246,4.303535113616246,4.303535113616246,4.303535113616246,4.303535113616246,4.303535113616246,4.303535113616246,4.303535113616246,4.303535113616246,4.303535113616246,4.303535113616246,4.303535113616246,4.303535113616246,4.303535113616246,4.303535113616246,4.303535113616246,4.303535113616246,4.303535113616246,4.303535113616246,4.303535113616246,4.303535113616246,4.303535113616246,4.303535113616246,4.303535113616246,4.303535113616246,4.303535113616246,4.303535113616246,4.303535113616246,4.303535113616246,4.303535113616246,4.303535113616246,4.303535113616246,4.303535113616246,4.303535113616246,4.303535113616246,4.303535113616246,4.303535113616246,4.303535113616246,4.303535113616246,4.303535113616246,4.303535113616246,4.303535113616246,4.303535113616246,4.303535113616246,4.303535113616246,4.303535113616246,4.303535113616246,4.303535113616246,4.303535113616246,4.303535113616246,4.303535113616246,4.303535113616246,4.303535113616246,4.303535113616246,4.303535113616246,4.303535113616246,4.303535113616246,4.303535113616246,4.303535113616246,4.303535113616246,4.303535113616246,4.303535113616246,4.303535113616246,4.303535113616246,4.303535113616246,4.303535113616246,4.303535113616246,4.303535113616246,4.303535113616246,4.303535113616246,4.303535113616246,4.303535113616246,4.303535113616246,4.303535113616246,4.303535113616246,4.303535113616246,4.303535113616246,4.303535113616246,4.303535113616246,4.303535113616246,4.303535113616246,4.303535113616246,4.303535113616246,4.303535113616246,4.303535113616246,4.303535113616246,4.303535113616246,4.303535113616246,4.303535113616246,4.303535113616246,4.303535113616246,4.303535113616246,4.303535113616246,4.303535113616246,4.303535113616246,4.303535113616246,4.303535113616246,4.303535113616246,4.303535113616246,4.303535113616246,4.303535113616246,4.303535113616246,4.303535113616246,4.303535113616246,4.303535113616246,4.303535113616246,4.303535113616246,4.303535113616246,4.303535113616246,4.303535113616246,4.303535113616246,4.303535113616246,4.303535113616246,4.303535113616246,4.303535113616246,4.303535113616246,4.303535113616246,4.303535113616246,4.303535113616246,4.303535113616246,4.303535113616246,4.303535113616246,4.303535113616246,4.303535113616246,4.303535113616246,4.303535113616246,4.303535113616246,4.303535113616246,4.303535113616246,4.303535113616246,4.303535113616246,4.303535113616246,4.303535113616246,4.303535113616246,4.303535113616246,4.303535113616246,4.303535113616246,4.303535113616246,4.303535113616246,4.303535113616246,4.303535113616246,4.303535113616246,4.303535113616246,4.303535113616246,4.303535113616246,4.303535113616246,4.303535113616246,4.303535113616246,4.303535113616246,4.303535113616246,4.303535113616246,4.303535113616246,4.303535113616246,4.303535113616246,4.303535113616246,4.303535113616246,4.303535113616246,4.303535113616246,4.303535113616246,4.303535113616246,4.303535113616246,4.303535113616246,4.303535113616246,4.303535113616246,4.303535113616246,4.303535113616246,4.303535113616246,4.303535113616246,4.303535113616246,4.303535113616246,4.303535113616246,4.303535113616246,4.303535113616246,4.303535113616246,4.303535113616246,4.303535113616246,4.303535113616246,4.303535113616246,4.303535113616246,4.303535113616246,4.303535113616246,4.303535113616246,4.303535113616246,4.303535113616246,4.303535113616246,4.303535113616246,4.303535113616246,4.303535113616246,4.303535113616246,4.303535113616246,4.303535113616246,4.303535113616246,4.303535113616246,4.303535113616246,4.303535113616246,4.303535113616246,4.303535113616246,4.303535113616246,4.303535113616246,4.303535113616246,4.303535113616246,4.303535113616246,4.303535113616246,4.303535113616246,4.303535113616246,4.303535113616246,4.303535113616246,4.303535113616246,4.303535113616246,4.303535113616246,4.303535113616246,4.303535113616246,4.303535113616246,4.303535113616246,4.303535113616246,4.303535113616246,4.303535113616246,4.303535113616246,4.303535113616246,4.303535113616246,4.303535113616246,4.303535113616246,4.303535113616246,4.303535113616246,4.303535113616246,4.303535113616246,4.303535113616246,4.303535113616246,4.303535113616246,4.303535113616246,4.303535113616246,4.303535113616246,4.303535113616246,4.303535113616246,4.303535113616246,4.303535113616246,4.303535113616246,4.303535113616246,4.303535113616246,4.303535113616246,4.303535113616246,4.303535113616246,4.303535113616246,4.303535113616246,4.303535113616246,4.303535113616246,4.303535113616246,4.303535113616246,4.303535113616246,4.303535113616246,4.303535113616246,4.303535113616246,4.303535113616246,4.303535113616246,4.303535113616246,4.303535113616246,4.303535113616246,4.303535113616246,4.303535113616246,4.303535113616246,4.303535113616246,4.303535113616246,4.303535113616246,4.303535113616246,4.303535113616246,4.303535113616246,4.303535113616246,4.303535113616246,4.303535113616246,4.303535113616246,4.303535113616246,4.303535113616246,4.303535113616246,4.303535113616246,4.303535113616246,4.303535113616246,4.303535113616246,4.303535113616246,4.303535113616246,4.303535113616246,4.303535113616246,4.303535113616246,4.303535113616246,4.303535113616246,4.303535113616246,4.303535113616246,4.303535113616246,4.303535113616246,4.303535113616246,4.303535113616246,4.303535113616246,4.303535113616246,4.303535113616246,4.303535113616246,4.303535113616246,4.303535113616246,4.303535113616246,4.303535113616246,4.303535113616246,4.303535113616246,4.303535113616246,4.303535113616246,4.303535113616246,4.303535113616246,4.303535113616246,4.303535113616246,4.303535113616246,4.303535113616246,4.303535113616246,4.303535113616246,4.303535113616246,4.303535113616246,4.303535113616246,4.303535113616246,4.303535113616246,4.303535113616246,4.303535113616246,4.303535113616246,4.303535113616246,4.303535113616246,4.303535113616246,4.303535113616246,4.303535113616246,4.303535113616246,4.303535113616246,4.303535113616246,4.303535113616246,4.303535113616246,4.303535113616246,4.303535113616246,4.303535113616246,4.303535113616246,4.303535113616246,4.303535113616246,4.303535113616246,4.303535113616246,4.303535113616246,4.303535113616246,4.303535113616246,4.303535113616246,4.303535113616246,4.303535113616246,4.303535113616246,4.303535113616246,4.303535113616246,4.303535113616246,4.303535113616246,4.303535113616246,4.303535113616246,4.303535113616246,4.303535113616246,4.303535113616246,4.303535113616246,4.303535113616246,4.303535113616246,4.303535113616246,4.303535113616246,4.303535113616246,4.303535113616246,4.303535113616246,4.303535113616246,4.303535113616246,4.303535113616246,4.303535113616246,4.303535113616246,4.303535113616246,4.303535113616246,4.303535113616246,4.303535113616246,4.303535113616246,4.303535113616246,4.303535113616246,4.303535113616246,4.303535113616246,4.303535113616246,4.303535113616246,4.303535113616246,4.303535113616246,4.303535113616246,4.303535113616246,4.303535113616246,4.303535113616246,4.303535113616246,4.303535113616246,4.303535113616246,4.303535113616246,4.303535113616246,4.303535113616246,4.303535113616246,4.303535113616246
max_resolution_percentage,100.0,100.0,100.0,100.0,100.0,100.0,100.0,100.0,100.0,100.0,100.0,100.0,100.0,100.0,100.0,100.0,100.0,100.0,100.0,100.0,100.0,100.0,100.0,100.0,100.0,100.0,100.0,100.0,100.0,100.0,100.0,100.0,100.0,100.0,100.0,100.0,100.0,100.0,100.0,100.0,100.0,100.0,100.0,100.0,100.0,100.0,100.0,100.0,100.0,100.0,100.0,100.0,100.0,100.0,100.0,100.0,100.0,100.0,100.0,100.0,100.0,100.0,100.0,100.0,100.0,100.0,100.0,100.0,100.0,100.0,100.0,100.0,100.0,100.0,100.0,100.0,100.0,100.0,100.0,100.0,100.0,100.0,100.0,100.0,100.0,100.0,100.0,100.0,100.0,100.0,100.0,100.0,100.0,100.0,100.0,100.0,100.0,100.0,100.0,100.0,100.0,100.0,100.0,100.0,100.0,100.0,100.0,100.0,100.0,100.0,100.0,100.0,100.0,100.0,100.0,100.0,100.0,100.0,100.0,100.0,100.0,100.0,100.0,100.0,100.0,100.0,100.0,100.0,100.0,100.0,100.0,100.0,100.0,100.0,100.0,100.0,100.0,100.0,100.0,100.0,100.0,100.0,100.0,100.0,100.0,100.0,100.0,100.0,100.0,100.0,100.0,100.0,100.0,100.0,100.0,100.0,100.0,100.0,100.0,100.0,100.0,100.0,100.0,100.0,100.0,100.0,100.0,100.0,100.0,100.0,100.0,100.0,100.0,100.0,100.0,100.0,100.0,100.0,100.0,100.0,100.0,100.0,100.0,100.0,100.0,100.0,100.0,100.0,100.0,100.0,100.0,100.0,100.0,100.0,100.0,100.0,100.0,100.0,100.0,100.0,100.0,100.0,100.0,100.0,100.0,100.0,100.0,100.0,100.0,100.0,100.0,100.0,100.0,100.0,100.0,100.0,100.0,100.0,100.0,100.0,100.0,100.0,100.0,100.0,100.0,100.0,100.0,100.0,100.0,100.0,100.0,100.0,100.0,100.0,100.0,100.0,100.0,100.0,100.0,100.0,100.0,100.0,100.0,100.0,100.0,100.0,100.0,100.0,100.0,100.0,100.0,100.0,100.0,100.0,100.0,100.0,100.0,100.0,100.0,100.0,100.0,100.0,100.0,100.0,100.0,100.0,100.0,100.0,100.0,100.0,100.0,100.0,100.0,100.0,100.0,100.0,100.0,100.0,100.0,100.0,100.0,100.0,100.0,100.0,100.0,100.0,100.0,100.0,100.0,100.0,100.0,100.0,100.0,100.0,100.0,100.0,100.0,100.0,100.0,100.0,100.0,100.0,100.0,100.0,100.0,100.0,100.0,100.0,100.0,100.0,100.0,100.0,100.0,100.0,100.0,100.0,100.0,100.0,100.0,100.0,100.0,100.0,100.0,100.0,100.0,100.0,100.0,100.0,100.0,100.0,100.0,100.0,100.0,100.0,100.0,100.0,100.0,100.0,100.0,100.0,100.0,100.0,100.0,100.0,100.0,100.0,100.0,100.0,100.0,100.0,100.0,100.0,100.0,100.0,100.0,100.0,100.0,100.0,100.0,100.0,100.0,100.0,100.0,100.0,100.0,100.0,100.0,100.0,100.0,100.0,100.0,100.0,100.0,100.0,100.0,100.0,100.0,100.0,100.0,100.0,100.0,100.0,100.0,100.0,100.0,100.0,100.0,100.0,100.0,100.0,100.0,100.0,100.0,100.0,100.0,100.0
kpi_resolution_stability_norm,4.303535113616246,4.303535113616246,4.303535113616246,4.303535113616246,4.303535113616246,4.303535113616246,4.303535113616246,4.303535113616246,4.303535113616246,4.303535113616246,4.303535113616246,4.303535113616246,4.303535113616246,4.303535113616246,4.303535113616246,4.303535113616246,4.303535113616246,4.303535113616246,4.303535113616246,4.303535113616246,4.303535113616246,4.303535113616246,4.303535113616246,4.303535113616246,4.303535113616246,4.303535113616246,4.303535113616246,4.303535113616246,4.303535113616246,4.303535113616246,4.303535113616246,4.303535113616246,4.303535113616246,4.303535113616246,4.303535113616246,4.303535113616246,4.303535113616246,4.303535113616246,4.303535113616246,4.303535113616246,4.303535113616246,4.303535113616246,4.303535113616246,4.303535113616246,4.303535113616246,4.303535113616246,4.303535113616246,4.303535113616246,4.303535113616246,4.303535113616246,4.303535113616246,4.303535113616246,4.303535113616246,4.303535113616246,4.303535113616246,4.303535113616246,4.303535113616246,4.303535113616246,4.303535113616246,4.303535113616246,4.303535113616246,4.303535113616246,4.303535113616246,4.303535113616246,4.303535113616246,4.303535113616246,4.303535113616246,4.303535113616246,4.303535113616246,4.303535113616246,4.303535113616246,4.303535113616246,4.303535113616246,4.303535113616246,4.303535113616246,4.303535113616246,4.303535113616246,4.303535113616246,4.303535113616246,4.303535113616246,4.303535113616246,4.303535113616246,4.303535113616246,4.303535113616246,4.303535113616246,4.303535113616246,4.303535113616246,4.303535113616246,4.303535113616246,4.303535113616246,4.303535113616246,4.303535113616246,4.303535113616246,4.303535113616246,4.303535113616246,4.303535113616246,4.303535113616246,4.303535113616246,4.303535113616246,4.303535113616246,4.303535113616246,4.303535113616246,4.303535113616246,4.303535113616246,4.303535113616246,4.303535113616246,4.303535113616246,4.303535113616246,4.303535113616246,4.303535113616246,4.303535113616246,4.303535113616246,4.303535113616246,4.303535113616246,4.303535113616246,4.303535113616246,4.303535113616246,4.303535113616246,4.303535113616246,4.303535113616246,4.303535113616246,4.303535113616246,4.303535113616246,4.303535113616246,4.303535113616246,4.303535113616246,4.303535113616246,4.303535113616246,4.303535113616246,4.303535113616246,4.303535113616246,4.303535113616246,4.303535113616246,4.303535113616246,4.303535113616246,4.303535113616246,4.303535113616246,4.303535113616246,4.303535113616246,4.303535113616246,4.303535113616246,4.303535113616246,4.303535113616246,4.303535113616246,4.303535113616246,4.303535113616246,4.303535113616246,4.303535113616246,4.303535113616246,4.303535113616246,4.303535113616246,4.303535113616246,4.303535113616246,4.303535113616246,4.303535113616246,4.303535113616246,4.303535113616246,4.303535113616246,4.303535113616246,4.303535113616246,4.303535113616246,4.303535113616246,4.303535113616246,4.303535113616246,4.303535113616246,4.303535113616246,4.303535113616246,4.303535113616246,4.303535113616246,4.303535113616246,4.303535113616246,4.303535113616246,4.303535113616246,4.303535113616246,4.303535113616246,4.303535113616246,4.303535113616246,4.303535113616246,4.303535113616246,4.303535113616246,4.303535113616246,4.303535113616246,4.303535113616246,4.303535113616246,4.303535113616246,4.303535113616246,4.303535113616246,4.303535113616246,4.303535113616246,4.303535113616246,4.303535113616246,4.303535113616246,4.303535113616246,4.303535113616246,4.303535113616246,4.303535113616246,4.303535113616246,4.303535113616246,4.303535113616246,4.303535113616246,4.303535113616246,4.303535113616246,4.303535113616246,4.303535113616246,4.303535113616246,4.303535113616246,4.303535113616246,4.303535113616246,4.303535113616246,4.303535113616246,4.303535113616246,4.303535113616246,4.303535113616246,4.303535113616246,4.303535113616246,4.303535113616246,4.303535113616246,4.303535113616246,4.303535113616246,4.303535113616246,4.303535113616246,4.303535113616246,4.303535113616246,4.303535113616246,4.303535113616246,4.303535113616246,4.303535113616246,4.303535113616246,4.303535113616246,4.303535113616246,4.303535113616246,4.303535113616246,4.303535113616246,4.303535113616246,4.303535113616246,4.303535113616246,4.303535113616246,4.303535113616246,4.303535113616246,4.303535113616246,4.303535113616246,4.303535113616246,4.303535113616246,4.303535113616246,4.303535113616246,4.303535113616246,4.303535113616246,4.303535113616246,4.303535113616246,4.303535113616246,4.303535113616246,4.303535113616246,4.303535113616246,4.303535113616246,4.303535113616246,4.303535113616246,4.303535113616246,4.303535113616246,4.303535113616246,4.303535113616246,4.303535113616246,4.303535113616246,4.303535113616246,4.303535113616246,4.303535113616246,4.303535113616246,4.303535113616246,4.303535113616246,4.303535113616246,4.303535113616246,4.303535113616246,4.303535113616246,4.303535113616246,4.303535113616246,4.303535113616246,4.303535113616246,4.303535113616246,4.303535113616246,4.303535113616246,4.303535113616246,4.303535113616246,4.303535113616246,4.303535113616246,4.303535113616246,4.303535113616246,4.303535113616246,4.303535113616246,4.303535113616246,4.303535113616246,4.303535113616246,4.303535113616246,4.303535113616246,4.303535113616246,4.303535113616246,4.303535113616246,4.303535113616246,4.303535113616246,4.303535113616246,4.303535113616246,4.303535113616246,4.303535113616246,4.303535113616246,4.303535113616246,4.303535113616246,4.303535113616246,4.303535113616246,4.303535113616246,4.303535113616246,4.303535113616246,4.303535113616246,4.303535113616246,4.303535113616246,4.303535113616246,4.303535113616246,4.303535113616246,4.303535113616246,4.303535113616246,4.303535113616246,4.303535113616246,4.303535113616246,4.303535113616246,4.303535113616246,4.303535113616246,4.303535113616246,4.303535113616246,4.303535113616246,4.303535113616246,4.303535113616246,4.303535113616246,4.303535113616246,4.303535113616246,4.303535113616246,4.303535113616246,4.303535113616246,4.303535113616246,4.303535113616246,4.303535113616246,4.303535113616246,4.303535113616246,4.303535113616246,4.303535113616246,4.303535113616246,4.303535113616246,4.303535113616246,4.303535113616246,4.303535113616246,4.303535113616246,4.303535113616246,4.303535113616246,4.303535113616246,4.303535113616246,4.303535113616246,4.303535113616246,4.303535113616246,4.303535113616246,4.303535113616246,4.303535113616246,4.303535113616246,4.303535113616246,4.303535113616246,4.303535113616246,4.303535113616246,4.303535113616246,4.303535113616246,4.303535113616246,4.303535113616246,4.303535113616246,4.303535113616246,4.303535113616246,4.303535113616246,4.303535113616246,4.303535113616246,4.303535113616246,4.303535113616246,4.303535113616246,4.303535113616246,4.303535113616246,4.303535113616246,4.303535113616246,4.303535113616246,4.303535113616246,4.303535113616246,4.303535113616246,4.303535113616246,4.303535113616246,4.303535113616246,4.303535113616246,4.303535113616246,4.303535113616246,4.303535113616246,4.303535113616246,4.303535113616246,4.303535113616246,4.303535113616246,4.303535113616246,4.303535113616246
max_resolution_percentage_norm,100.0,100.0,100.0,100.0,100.0,100.0,100.0,100.0,100.0,100.0,100.0,100.0,100.0,100.0,100.0,100.0,100.0,100.0,100.0,100.0,100.0,100.0,100.0,100.0,100.0,100.0,100.0,100.0,100.0,100.0,100.0,100.0,100.0,100.0,100.0,100.0,100.0,100.0,100.0,100.0,100.0,100.0,100.0,100.0,100.0,100.0,100.0,100.0,100.0,100.0,100.0,100.0,100.0,100.0,100.0,100.0,100.0,100.0,100.0,100.0,100.0,100.0,100.0,100.0,100.0,100.0,100.0,100.0,100.0,100.0,100.0,100.0,100.0,100.0,100.0,100.0,100.0,100.0,100.0,100.0,100.0,100.0,100.0,100.0,100.0,100.0,100.0,100.0,100.0,100.0,100.0,100.0,100.0,100.0,100.0,100.0,100.0,100.0,100.0,100.0,100.0,100.0,100.0,100.0,100.0,100.0,100.0,100.0,100.0,100.0,100.0,100.0,100.0,100.0,100.0,100.0,100.0,100.0,100.0,100.0,100.0,100.0,100.0,100.0,100.0,100.0,100.0,100.0,100.0,100.0,100.0,100.0,100.0,100.0,100.0,100.0,100.0,100.0,100.0,100.0,100.0,100.0,100.0,100.0,100.0,100.0,100.0,100.0,100.0,100.0,100.0,100.0,100.0,100.0,100.0,100.0,100.0,100.0,100.0,100.0,100.0,100.0,100.0,100.0,100.0,100.0,100.0,100.0,100.0,100.0,100.0,100.0,100.0,100.0,100.0,100.0,100.0,100.0,100.0,100.0,100.0,100.0,100.0,100.0,100.0,100.0,100.0,100.0,100.0,100.0,100.0,100.0,100.0,100.0,100.0,100.0,100.0,100.0,100.0,100.0,100.0,100.0,100.0,100.0,100.0,100.0,100.0,100.0,100.0,100.0,100.0,100.0,100.0,100.0,100.0,100.0,100.0,100.0,100.0,100.0,100.0,100.0,100.0,100.0,100.0,100.0,100.0,100.0,100.0,100.0,100.0,100.0,100.0,100.0,100.0,100.0,100.0,100.0,100.0,100.0,100.0,100.0,100.0,100.0,100.0,100.0,100.0,100.0,100.0,100.0,100.0,100.0,100.0,100.0,100.0,100.0,100.0,100.0,100.0,100.0,100.0,100.0,100.0,100.0,100.0,100.0,100.0,100.0,100.0,100.0,100.0,100.0,100.0,100.0,100.0,100.0,100.0,100.0,100.0,100.0,100.0,100.0,100.0,100.0,100.0,100.0,100.0,100.0,100.0,100.0,100.0,100.0,100.0,100.0,100.0,100.0,100.0,100.0,100.0,100.0,100.0,100.0,100.0,100.0,100.0,100.0,100.0,100.0,100.0,100.0,100.0,100.0,100.0,100.0,100.0,100.0,100.0,100.0,100.0,100.0,100.0,100.0,100.0,100.0,100.0,100.0,100.0,100.0,100.0,100.0,100.0,100.0,100.0,100.0,100.0,100.0,100.0,100.0,100.0,100.0,100.0,100.0,100.0,100.0,100.0,100.0,100.0,100.0,100.0,100.0,100.0,100.0,100.0,100.0,100.0,100.0,100.0,100.0,100.0,100.0,100.0,100.0,100.0,100.0,100.0,100.0,100.0,100.0,100.0,100.0,100.0,100.0,100.0,100.0,100.0,100.0,100.0,100.0,100.0,100.0,100.0,100.0,100.0,100.0,100.0,100.0,100.0,100.0,100.0,100.0,100.0,100.0,100.0,100.0,100.0,100.0
kpi_fps_stability,5,5,5,5,5,5,5,5,5,5,5,5,5,5,4.942427872760581,5,5,5,5,5,5,5,5,5,5,5,5,5,4.645444442750246,5,5,5,5,5,2.5035023185016865,1,1,1,1,1,1,3.6845544733114513,3.5579329986594126,4.542982187053405,4.904703300310673,5,5,5,4.487839843855012,4.159542355321509,4.904703300310673,5,4.978873396874005,4.487839843855012,5,5,5,5,5,5,5,5,5,5,4.942427872760581,5,3.2486632634908497,4.079873320937373,3.6845544733114513,3.7978212420642405,3.7978212420642405,3.2486632634908497,1,3.4143814103323455,3.5579329986594126,3.052660297075077,3.6845544733114513,4.738985153469177,5,5,4.782870430458232,4.904703300310673,4.738985153469177,5,4.904703300310673,5,3.7978212420642405,5,5,5,4.942427872760581,5,4.865606628121216,5,5,4.904703300310673,5,5,5,5,5,4.738985153469177,4.233712451884842,4.542982187053405,4.942427872760581,4.079873320937373,4.303093943648576,5,5,4.942427872760581,5,3.4143814103323455,2.812772053670249,3.6845544733114513,3.7978212420642405,2.812772053670249,3.6845544733114513,4.693231865584395,5,5,4.8250342659265355,5,4.8250342659265355,5,4.904703300310673,4.904703300310673,3.5579329986594126,4.233712451884842,4.368267837086116,4.8250342659265355,4.079873320937373,4.079873320937373,3.7978212420642405,3.4143814103323455,3.7978212420642405,4.079873320937373,2.812772053670249,3.052660297075077,2.0676111086810853,3.7978212420642405,3.052660297075077,3.6845544733114513,3.9938242084800133,5,5,4.782870430458232,5,4.429715418300614,4.8250342659265355,4.942427872760581,5,3.7978212420642405,4.693231865584395,5,5,5,5,4.738985153469177,4.942427872760581,5,5,5,5,5,5,5,5,2.812772053670249,1,1,1,1,1,2.0676111086810853,4.429715418300614,5,3.9938242084800133,2.0676111086810853,3.2486632634908497,3.6845544733114513,3.6845544733114513,3.4143814103323455,3.9938242084800133,5,5,5,5,4.942427872760581,4.978873396874005,4.8250342659265355,5,3.6845544733114513,3.900283497761082,4.233712451884842,4.693231865584395,4.59543356514211,4.159542355321509,3.7978212420642405,5,5,5,5,5,5,5,5,5,5,5,5,5,5,4.782870430458232,4.303093943648576,4.942427872760581,5,4.368267837086116,4.782870430458232,1,1,1,1,1,1,1,3.4143814103323455,5,4.904703300310673,5,2.0676111086810853,4.8250342659265355,5,5,5,5,5,5,5,4.8250342659265355,4.865606628121216,4.865606628121216,5,4.8250342659265355,4.645444442750246,5,5,5,5,5,5,5,5,5,5,5,5,5,4.693231865584395,5,5,5,5,5,5,5,5,5,5,5,5,5,5,5,5,5,5,5,5,5,5,5,5,5,5,5,5,5,5,5,5,5,5,5,4.645444442750246,5,5,5,5,4.303093943648576,1,1,1,1,1,1,3.052660297075077,3.9938242084800133,3.4143814103323455,4.233712451884842,5,5,5,5,3.9938242084800133,4.233712451884842,5,4.738985153469177,5,4.693231865584395,5,5,5,5,5,5,5,5,5,4.904703300310673,5,5,5,4.865606628121216,5,5,5,5,5,5,5,5,5,5,5,5,4.542982187053405,4.738985153469177,4.738985153469177,4.978873396874005,4.487839843855012,4.368267837086116,1,1,1,1,1,1,1,3.6845544733114513,4.865606628121216,4.904703300310673,4.159542355321509,3.052660297075077,4.942427872760581,5,5,5,5,5,5,5,5,4.782870430458232,4.942427872760581,5,5,4.645444442750246,4.865606628121216,5,5,5,5,5,5,5,5,5,5,5,4.904703300310673,4.8250342659265355,5,5,5,5,5
kpi_q_video,1.5142857142857142,1.5714285714285714,1.5714285714285714,1.5714285714285714,1.6285714285714286,1.5714285714285714,1.5714285714285714,1.457142857142857,1.457142857142857,1.457142857142857,1.6285714285714286,1.5714285714285714,1.6285714285714286,1.6285714285714286,1.5714285714285714,1.5142857142857142,1.5714285714285714,1.5714285714285714,1.5714285714285714,1.6285714285714286,1.4,1.4,1.4,1.4,1.5142857142857142,1.5714285714285714,1.6285714285714286,1.5714285714285714,1.6285714285714286,1.5714285714285714,1.5714285714285714,1.5714285714285714,1.5142857142857142,1.5714285714285714,1.6285714285714286,1.4,1.5714285714285714,1.5714285714285714,1.5142857142857142,1.457142857142857,1.457142857142857,1.5142857142857142,1.4,1.4,1.5142857142857142,1.5142857142857142,1.5142857142857142,1.5714285714285714,1.6285714285714286,1.5142857142857142,1.5714285714285714,1.5714285714285714,1.5714285714285714,1.6285714285714286,1.6285714285714286,1.457142857142857,1.5714285714285714,1.4,1.5142857142857142,1.457142857142857,1.5142857142857142,1.5714285714285714,1.6285714285714286,1.6285714285714286,1.6285714285714286,1.4,1.4,1.457142857142857,1.4,1.5714285714285714,1.5142857142857142,1.457142857142857,1.5142857142857142,1.5142857142857142,1.6285714285714286,1.6285714285714286,1.5142857142857142,1.4,1.457142857142857,1.4,1.5714285714285714,1.457142857142857,1.5714285714285714,1.5714285714285714,1.4,1.5142857142857142,1.6285714285714286,1.5714285714285714,1.5714285714285714,1.5142857142857142,1.457142857142857,1.5142857142857142,1.5714285714285714,1.457142857142857,1.4,1.4,1.5714285714285714,1.5714285714285714,1.5142857142857142,1.5714285714285714,1.5142857142857142,1.5714285714285714,1.5142857142857142,1.5714285714285714,1.5714285714285714,1.5142857142857142,1.5714285714285714,1.5714285714285714,1.5714285714285714,1.6285714285714286,1.5714285714285714,1.6285714285714286,1.5714285714285714,1.457142857142857,1.457142857142857,1.5714285714285714,1.6285714285714286,1.6285714285714286,1.5142857142857142,1.6857142857142855,1.5142857142857142,1.6285714285714286,1.5714285714285714,1.5714285714285714,1.5714285714285714,1.5714285714285714,1.457142857142857,1.5142857142857142,1.5714285714285714,1.6857142857142855,1.5714285714285714,1.5714285714285714,1.5714285714285714,1.5714285714285714,1.5142857142857142,1.6285714285714286,1.5714285714285714,1.6285714285714286,1.4,1.5714285714285714,1.5714285714285714,1.5714285714285714,1.457142857142857,1.5142857142857142,1.5142857142857142,1.5714285714285714,1.5142857142857142,1.5142857142857142,1.5142857142857142,1.5714285714285714,1.5714285714285714,1.5714285714285714,1.5142857142857142,1.5714285714285714,1.6285714285714286,1.5714285714285714,1.6285714285714286,1.4,1.457142857142857,1.5142857142857142,1.6285714285714286,1.457142857142857,1.5142857142857142,1.5142857142857142,1.5714285714285714,1.5714285714285714,1.6285714285714286,1.6285714285714286,1.5714285714285714,1.4,1.457142857142857,1.457142857142857,1.6285714285714286,1.457142857142857,1.5142857142857142,1.457142857142857,1.6857142857142855,1.5142857142857142,1.457142857142857,1.4,1.4,1.457142857142857,1.457142857142857,1.6285714285714286,1.457142857142857,1.4,1.5142857142857142,1.457142857142857,1.5714285714285714,1.5714285714285714,1.5714285714285714,1.5714285714285714,1.457142857142857,1.5142857142857142,1.5142857142857142,1.5714285714285714,1.4,1.5142857142857142,1.5714285714285714,1.5714285714285714,1.5142857142857142,1.6285714285714286,1.5142857142857142,1.5714285714285714,1.5142857142857142,1.5714285714285714
1_way_delay_audio_send,3139.5,3139.5,3139.5,3139.5,3139.5,3139.5,3139.5,2057.5,2057.5,2057.5,2057.5,2057.5,2785.5,2785.5,2785.5,2936.0,2936.0,2936.0,2936.0,2936.0,2936.0,2936.0,2936.0,2985.0,2985.0,2985.0,3508.5,3508.5,3508.5,3508.5,3508.5,3537.0,3537.0,3537.0,3537.0,3537.0,3537.0,3079.0,3079.0,3079.0,3079.0,3079.0,3079.0,3079.0,3219.0,3219.0,3219.0,3219.0,3219.0,3219.0,3505.0,3505.0,3505.0,3505.0,3505.0,3505.0,3140.0,3140.0,3140.0,3142.5,3142.5,3142.5,3142.5,3142.5,3142.5,3842.5,3139.5,3139.5,3139.5,3139.5,3139.5,3139.5,3139.5,2057.5,2057.5,2057.5,2057.5,2057.5,2785.5,2785.5,2785.5,2936.0,2936.0,2936.0,2936.0,2936.0,2936.0,2936.0,2936.0,2985.0,2985.0,2985.0,3508.5,3508.5,3508.5,3508.5,3508.5,3537.0,3537.0,3537.0,3537.0,3537.0,3537.0,3079.0,3079.0,3079.0,3079.0,3079.0,3079.0,3079.0,3219.0,3219.0,3219.0,3219.0,3219.0,3219.0,3505.0,3505.0,3505.0,3505.0,3505.0,3505.0,3140.0,3140.0,3140.0,3142.5,3142.5,3142.5,3142.5,3142.5,3142.5,3842.5,4585.5,4585.5,1963.5,1963.5,1963.5,1963.5,1963.5,1963.5,2044.0,2044.0,2044.0,2044.0,2044.0,2044.0,2044.0,2044.0,3527.5,3527.5,3527.5,3527.5,3527.5,3527.5,3140.5,3140.5,3140.5,3140.5,3140.5,3140.5,3140.5,3140.5,3140.5,3140.5,3516.0,3516.0,3516.0,3516.0,2985.0,2985.0,2985.0,2985.0,2985.0,2985.0,3592.5,3592.5,3592.5,3151.0,3151.0,3151.0,3151.0,3151.0,3151.0,3293.5,3293.5,3293.5,3293.5,3293.5,3293.5,3889.5,3889.5,3525.5,3525.5,3525.5,3506.5,3506.5,3506.5,3506.5,4585.5,4585.5,1963.5,1963.5,1963.5,1963.5,1963.5,1963.5,2044.0,2044.0,2044.0,2044.0,2044.0,2044.0,2044.0,2044.0,3527.5,3527.5,3527.5,3527.5,3527.5,3527.5,3140.5,3140.5,3140.5,3140.5,3140.5,3140.5,3140.5,3140.5,3140.5,3140.5,3516.0,3516.0,3516.0,3516.0,2985.0,2985.0,2985.0,2985.0,2985.0,2985.0,3592.5,3592.5,3592.5,3151.0,3151.0,3151.0,3151.0,3151.0,3151.0,3293.5,3293.5,3293.5,3293.5,3293.5,3293.5,3889.5,3889.5,3525.5,3525.5,3525.5,3506.5,3506.5,3506.5,3506.5,1746.0,1746.0,1746.0,1746.0,1746.0,1172.5,1172.5,1172.5,1172.5,1172.5,1225.5,1225.5,1225.5,1225.5,1225.5,1679.5,1679.5,1679.5,1679.5,1679.5,1679.5,1679.5,1679.5,1679.5,1679.5,1679.5,1787.0,1787.0,1787.0,1787.0,1787.0,1787.0,1574.0,1574.0,1457.0,1457.0,1457.0,1457.0,1457.0,1549.5,1549.5,1549.5,1549.5,1549.5,1943.5,1943.5,1943.5,1943.5,1943.5,1943.5,1943.5,1560.5,1560.5,1560.5,1549.0,1549.0,1549.0,1549.0,1549.0,1549.0,1549.0,1600.5,1600.5,1600.5,1600.5,1600.5,1746.0,1746.0,1746.0,1746.0,1746.0,1172.5,1172.5,1172.5,1172.5,1172.5,1225.5,1225.5,1225.5,1225.5,1225.5,1679.5,1679.5,1679.5,1679.5,1679.5,1679.5,1679.5,1679.5,1679.5,1679.5,1679.5,1787.0,1787.0,1787.0,1787.0,1787.0,1787.0,1574.0,1574.0,1457.0,1457.0,1457.0,1457.0,1457.0,1549.5,1549.5,1549.5,1549.5,1549.5,1943.5,1943.5,1943.5,1943.5,1943.5,1943.5,1943.5,1560.5,1560.5,1560.5,1549.0,1549.0,1549.0,1549.0,1549.0,1549.0,1549.0,1600.5,1600.5,1600.5,1600.5,1600.5
1_way_delay_video_send,2190.0,2235.0,2201.0,2161.0,2101.0,2031.0,1969.5,1927.5,1923.5,1841.0,1734.5,1579.5,1558.5,1652.5,1731.0,1794.5,1846.5,1914.5,2017.0,2096.0,2134.0,2029.5,2037.5,2042.5,2051.5,2120.0,2112.0,2178.5,2261.5,2174.5,2063.0,2118.5,2253.0,2249.0,2237.0,2214.0,1970.5,1794.5,1853.5,1989.0,2007.5,2021.0,2030.0,1931.0,1861.5,2030.0,2118.0,2143.0,2160.5,2148.5,2220.5,2296.5,2270.0,2247.5,2240.0,2230.5,2240.0,2242.0,2269.0,2181.5,2178.5,2237.0,2203.0,2001.5,2022.0,2039.0,2190.0,2235.0,2201.0,2161.0,2101.0,2031.0,1969.5,1927.5,1923.5,1841.0,1734.5,1579.5,1558.5,1652.5,1731.0,1794.5,1846.5,1914.5,2017.0,2096.0,2134.0,2029.5,2037.5,2042.5,2051.5,2120.0,2112.0,2178.5,2261.5,2174.5,2063.0,2118.5,2253.0,2249.0,2237.0,2214.0,1970.5,1794.5,1853.5,1989.0,2007.5,2021.0,2030.0,1931.0,1861.5,2030.0,2118.0,2143.0,2160.5,2148.5,2220.5,2296.5,2270.0,2247.5,2240.0,2230.5,2240.0,2242.0,2269.0,2181.5,2178.5,2237.0,2203.0,2001.5,2022.0,2039.0,1772.0,1316.0,1316.0,1289.5,1271.5,1153.0,1177.5,1199.5,1141.0,1219.0,1296.5,1330.5,1408.0,1528.5,1618.5,1665.0,1682.0,1846.5,1960.0,1841.5,1761.0,1900.0,2091.0,2192.0,2190.5,2226.5,2252.0,2145.5,2071.0,2111.0,2104.5,2097.5,2091.5,2124.5,2246.0,2331.5,2391.0,2349.5,2393.5,2371.5,2157.0,2107.0,2183.0,2362.5,2434.0,2194.0,2246.5,2362.5,2359.0,2164.5,2247.0,2305.0,2388.5,2438.0,2473.0,2457.5,2209.0,2271.5,2460.5,2542.0,2546.0,2546.0,2252.0,2337.0,2410.0,2183.5,1772.0,1316.0,1316.0,1289.5,1271.5,1153.0,1177.5,1199.5,1141.0,1219.0,1296.5,1330.5,1408.0,1528.5,1618.5,1665.0,1682.0,1846.5,1960.0,1841.5,1761.0,1900.0,2091.0,2192.0,2190.5,2226.5,2252.0,2145.5,2071.0,2111.0,2104.5,2097.5,2091.5,2124.5,2246.0,2331.5,2391.0,2349.5,2393.5,2371.5,2157.0,2107.0,2183.0,2362.5,2434.0,2194.0,2246.5,2362.5,2359.0,2164.5,2247.0,2305.0,2388.5,2438.0,2473.0,2457.5,2209.0,2271.5,2460.5,2542.0,2546.0,2546.0,2252.0,2337.0,2410.0,2183.5,199.0,143.0,208.0,322.5,342.5,328.5,355.0,368.0,331.0,305.0,341.0,373.5,343.0,243.5,174.5,204.0,295.0,377.5,368.5,261.5,216.5,186.5,235.5,268.5,295.5,383.5,447.5,423.5,300.0,213.5,259.5,363.0,427.0,399.0,379.5,452.5,512.0,468.5,331.5,328.5,326.5,324.5,323.0,230.0,165.0,246.5,303.5,216.5,271.0,309.5,336.5,355.0,346.5,340.5,242.0,267.0,284.5,203.0,145.5,132.0,122.5,183.0,289.0,367.0,358.5,255.0,199.0,143.0,208.0,322.5,342.5,328.5,355.0,368.0,331.0,305.0,341.0,373.5,343.0,243.5,174.5,204.0,295.0,377.5,368.5,261.5,216.5,186.5,235.5,268.5,295.5,383.5,447.5,423.5,300.0,213.5,259.5,363.0,427.0,399.0,379.5,452.5,512.0,468.5,331.5,328.5,326.5,324.5,323.0,230.0,165.0,246.5,303.5,216.5,271.0,309.5,336.5,355.0,346.5,340.5,242.0,267.0,284.5,203.0,145.5,132.0,122.5,183.0,289.0,367.0,358.5,255.0
ear_ear_delay_audio_send,3576.5,3912.5,3987.5,3331.5,3230.5,3147.5,3326.5,2278.5,2153.5,2058.5,2085.5,2087.5,2818.5,2846.5,2792.5,2988.0,2946.0,2985.0,2945.0,2977.0,3097.0,3016.0,3077.0,3155.0,3017.0,3006.0,3598.5,3628.5,3622.5,3724.5,3670.5,3837.0,3909.0,3924.0,3882.0,3793.0,3577.0,3143.0,3179.0,3162.0,3106.0,3106.0,3151.0,3281.0,3410.0,3499.0,3433.0,3459.0,3385.0,3467.0,3777.0,3755.0,3697.0,3645.0,3561.0,3585.0,3191.0,3346.0,3460.0,3472.5,3452.5,3240.5,3321.5,3320.5,3402.5,4072.5,3523.5,3605.5,3760.5,3994.5,3158.5,3368.5,3201.5,2250.5,2296.5,2250.5,2072.5,2083.5,2800.5,2790.5,2825.5,2939.0,2957.0,2959.0,2996.0,2959.0,3002.0,3087.0,3017.0,3113.0,3072.0,3021.0,3591.5,3595.5,3537.5,3672.5,3679.5,3728.0,3837.0,3862.0,3862.0,3870.0,3689.0,3116.0,3148.0,3179.0,3082.0,3080.0,3120.0,3179.0,3340.0,3372.0,3469.0,3466.0,3456.0,3391.0,3735.0,3768.0,3708.0,3674.0,3538.0,3550.0,3146.0,3201.0,3311.0,3512.5,3382.5,3402.5,3249.5,3300.5,3345.5,4095.5,4745.5,4750.5,2023.5,2021.5,2010.5,1988.5,2013.5,1965.5,2133.0,2054.0,2060.0,2104.0,2138.0,2125.0,2125.0,2362.0,3841.5,3707.5,3747.5,3747.5,3702.5,3747.5,3190.5,3198.5,3183.5,3223.5,3351.5,3340.5,3340.5,3340.5,3390.5,3347.5,3756.0,3666.0,3717.0,3675.0,2992.0,3001.0,2988.0,3006.0,3130.0,3089.0,3741.5,3995.5,3722.5,3404.0,3379.0,3165.0,3253.0,3283.0,3411.0,3453.5,3493.5,3385.5,3396.5,3531.5,3446.5,4004.5,4074.5,3785.5,3714.5,3795.5,3564.5,3511.5,3525.5,3676.5,4735.5,4804.5,2027.5,1990.5,1986.5,2006.5,1976.5,2048.5,2053.0,2081.0,2056.0,2098.0,2127.0,2249.0,2347.0,2186.0,3779.5,3671.5,3757.5,3667.5,3681.5,3777.5,3370.5,3149.5,3155.5,3206.5,3293.5,3450.5,3380.5,3420.5,3430.5,3323.5,3716.0,3736.0,3750.0,3715.0,3009.0,3008.0,3049.0,2986.0,3163.0,3088.0,3725.5,3971.5,3814.5,3411.0,3441.0,3294.0,3199.0,3260.0,3313.0,3445.5,3423.5,3363.5,3429.5,3503.5,3473.5,4062.5,4110.5,3697.5,3698.5,3785.5,3509.5,3507.5,3518.5,3574.5,1747.0,1755.0,1748.0,1748.0,1752.0,1173.5,1177.5,1177.5,1173.5,1172.5,1237.5,1230.5,1236.5,1232.5,1226.5,1695.5,1681.5,1681.5,1693.5,1680.5,1679.5,1686.5,1680.5,1687.5,1681.5,1681.5,1791.0,1788.0,1788.0,1788.0,1788.0,1788.0,1574.0,1574.0,1460.0,1466.0,1459.0,1458.0,1458.0,1551.5,1559.5,1553.5,1549.5,1551.5,1943.5,1943.5,1945.5,1944.5,1944.5,1943.5,1948.5,1572.5,1560.5,1574.5,1554.0,1550.0,1551.0,1553.0,1552.0,1552.0,1549.0,1601.5,1605.5,1602.5,1602.5,1610.5,1755.0,1747.0,1767.0,1756.0,1751.0,1181.5,1176.5,1181.5,1182.5,1173.5,1234.5,1230.5,1230.5,1228.5,1236.5,1681.5,1682.5,1682.5,1703.5,1681.5,1679.5,1693.5,1680.5,1694.5,1681.5,1680.5,1789.0,1788.0,1788.0,1788.0,1788.0,1790.0,1574.0,1574.0,1457.0,1459.0,1459.0,1458.0,1458.0,1562.5,1551.5,1550.5,1552.5,1573.5,1945.5,1945.5,1945.5,1955.5,1949.5,1945.5,1949.5,1569.5,1572.5,1566.5,1555.0,1561.0,1553.0,1553.0,1561.0,1550.0,1561.0,1602.5,1603.5,1603.5,1601.5,1615.5
audio_packet_loss_percentage_send,0.0,0.0,0.0,0.0,0.0,0.0,0.0,110.00000000000001,0.0,0.0,0.0,0.0,0.0,0.0,0.0,0.0,0.0,0.0,0.0,0.0,0.0,0.0,0.0,198.0,0.0,0.0,83.916,0.0,0.0,0.0,0.0,74.0,0.0,0.0,0.0,0.0,0.0,162.162,0.0,0.0,0.0,0.0,0.0,0.0,36.0,0.0,0.0,0.0,0.0,0.0,188.0,0.0,0.0,0.0,0.0,0.0,56.00000000000001,0.0,0.0,8.0,0.0,0.0,0.0,0.0,0.0,0.0,0.0,0.0,0.0,0.0,0.0,0.0,110.00000000000001,0.0,0.0,0.0,0.0,0.0,0.0,0.0,0.0,0.0,0.0,0.0,0.0,0.0,0.0,0.0,198.0,0.0,0.0,83.916,0.0,0.0,0.0,0.0,74.0,0.0,0.0,0.0,0.0,0.0,162.162,0.0,0.0,0.0,0.0,0.0,0.0,36.0,0.0,0.0,0.0,0.0,0.0,188.0,0.0,0.0,0.0,0.0,0.0,56.00000000000001,0.0,0.0,8.0,0.0,0.0,0.0,0.0,0.0,0.0,2.006666666666667,0.0,0.0,0.0,0.0,0.0,0.0,0.0,0.0,0.0,0.0,0.0,0.0,0.0,6.0,0.0,0.0,0.0,0.0,0.0,70.0,0.0,0.0,0.0,0.0,0.0,0.0,0.0,0.0,0.0,184.0,0.0,0.0,0.0,72.0,0.0,0.0,0.0,0.0,0.0,36.036,0.0,0.0,134.0,0.0,0.0,0.0,0.0,0.0,67.93199999999999,0.0,0.0,0.0,0.0,0.0,120.0,0.0,35.964,0.0,0.0,34.0,0.0,0.0,0.0,2.006666666666667,0.0,0.0,0.0,0.0,0.0,0.0,0.0,0.0,0.0,0.0,0.0,0.0,0.0,6.0,0.0,0.0,0.0,0.0,0.0,70.0,0.0,0.0,0.0,0.0,0.0,0.0,0.0,0.0,0.0,184.0,0.0,0.0,0.0,72.0,0.0,0.0,0.0,0.0,0.0,36.036,0.0,0.0,134.0,0.0,0.0,0.0,0.0,0.0,67.93199999999999,0.0,0.0,0.0,0.0,0.0,120.0,0.0,35.964,0.0,0.0,34.0,0.0,0.0,0.0,0.0,0.0,0.0,0.0,0.0,0.0,0.0,0.0,0.0,0.0,0.0,0.0,0.0,0.0,0.0,0.0,0.0,0.0,0.0,0.0,0.0,0.0,0.0,0.0,0.0,0.0,0.0,0.0,0.0,0.0,0.0,0.0,0.0,0.0,0.0,0.0,0.0,0.0,0.0,0.0,0.0,0.0,0.0,0.0,0.0,0.0,0.0,0.0,0.0,0.0,0.0,0.0,0.0,0.0,0.0,0.0,0.0,0.0,0.0,0.0,0.0,0.0,0.0,0.0,0.0,0.0,0.0,0.0,0.0,0.0,0.0,0.0,0.0,0.0,0.0,0.0,0.0,0.0,0.0,0.0,0.0,0.0,0.0,0.0,0.0,0.0,0.0,0.0,0.0,0.0,0.0,0.0,0.0,0.0,0.0,0.0,0.0,0.0,0.0,0.0,0.0,0.0,0.0,0.0,0.0,0.0,0.0,0.0,0.0,0.0,0.0,0.0,0.0,0.0,0.0,0.0,0.0,0.0,0.0,0.0,0.0,0.0,0.0,0.0,0.0,0.0,0.0,0.0,0.0
e_model_audio_send,0,0,0,0,0,0,0,0,0,0,0,0,0,0,0,0,0,0,0,0,0,0,0,0,0,0,0,0,0,0,0,0,0,0,0,0,0,0,0,0,0,0,0,0,0,0,0,0,0,0,0,0,0,0,0,0,0,0,0,0,0,0,0,0,0,0,0,0,0,0,0,0,0,0,0,0,0,0,0,0,0,0,0,0,0,0,0,0,0,0,0,0,0,0,0,0,0,0,0,0,0,0,0,0,0,0,0,0,0,0,0,0,0,0,0,0,0,0,0,0,0,0,0,0,0,0,0,0,0,0,0,0,0,0,0,0,0,0,0,0,0,0,0,0,0,0,0,0,0,0,0,0,0,0,0,0,0,0,0,0,0,0,0,0,0,0,0,0,0,0,0,0,0,0,0,0,0,0,0,0,0,0,0,0,0,0,0,0,0,0,0,0,0,0,0,0,0,0,0,0,0,0,0,0,0,0,0,0,0,0,0,0,0,0,0,0,0,0,0,0,0,0,0,0,0,0,0,0,0,0,0,0,0,0,0,0,0,0,0,0,0,0,0,0,0,0,0,0,0,0,0,0,0,0,0,0,0,0,0,0,0,0,0,0,0,0,0,0,0,0,0,0,0,0,0,0,0,0,0,0,0,0,0,0,0,0,0,0,0,0,0,0,0,0,0,0,0,0,0,0,0,0,0,0,0,0,0,0,0,0,0,0,0,0,0,0,0,0,0,0,0,0,0,0,0,0,0,0,0,0,0,0,0,0,0,0,0,0,0,0,0,0,0,0,0,0,0,0,0,0,0,0,0,0,0,0,0,0,0,0,0,0,0,0,0,0,0,0,0,0,0,0,0,0,0,0,0,0,0,0,0,0,0,0,0,0,0,0,0,0
kpi_audio_synchronization,1.0,1.0,1.0,1.0,1.0,1.0,1.0,1.0,1.0,1.0,1.0,1.0,1.0,1.0,1.0,1.0,1.0,1.0,1.0,1.0,1.0,1.0,1.0,1.0,1.0,1.0,1.0,1.0,1.0,1.0,1.0,1.0,1.0,1.0,1.0,1.0,1.0,1.0,1.0,1.0,1.0,1.0,1.0,1.0,1.0,1.0,1.0,1.0,1.0,1.0,1.0,1.0,1.0,1.0,1.0,1.0,1.0,1.0,1.0,1.0,1.0,1.0,1.0,1.0,1.0,1.0,1.0,1.0,1.0,1.0,1.0,1.0,1.0,1.0,1.0,1.0,1.0,1.0,1.0,1.0,1.0,1.0,1.0,1.0,1.0,1.0,1.0,1.0,1.0,1.0,1.0,1.0,1.0,1.0,1.0,1.0,1.0,1.0,1.0,1.0,1.0,1.0,1.0,1.0,1.0,1.0,1.0,1.0,1.0,1.0,1.0,1.0,1.0,1.0,1.0,1.0,1.0,1.0,1.0,1.0,1.0,1.0,1.0,1.0,1.0,1.0,1.0,1.0,1.0,1.0,1.0,1.0,1.0,1.0,1.0,1.0,1.0,1.0,1.0,1.0,1.0,1.0,1.0,1.0,1.0,1.0,1.0,1.0,1.0,1.0,1.0,1.0,1.0,1.0,1.0,1.0,1.0,1.0,1.0,1.0,1.0,1.0,1.0,1.0,1.0,1.0,1.0,1.0,1.0,1.0,1.0,1.0,1.0,1.0,1.0,1.0,1.0,1.0,1.0,1.0,1.0,1.0,1.0,1.0,1.0,1.0,1.0,1.0,1.0,1.0,1.0,1.0,1.0,1.0,1.0,1.0,1.0,1.0,1.0,1.0,1.0,1.0,1.0,1.0,1.0,1.0,1.0,1.0,1.0,1.0,1.0,1.0,1.0,1.0,1.0,1.0,1.0,1.0,1.0,1.0,1.0,1.0,1.0,1.0,1.0,1.0,1.0,1.0,1.0,1.0,1.0,1.0,1.0,1.0,1.0,1.0,1.0,1.0,1.0,1.0,1.0,1.0,1.0,1.0,1.0,1.0,1.0,1.0,1.0,1.0,1.0,1.0,1.0,1.0,1.0,1.0,1.0,1.0,1.0,1.0,1.0,1.0,1.0,1.0,1.0,1.0,1.0,1.0,1.0,1.0,1.0,1.0,1.0,1.0,1.0,1.0,1.0,1.0,1.0,1.0,1.0,1.0,1.0,1.0,1.0,1.0,1.0,1.0,1.0,1.0,1.0,1.0,1.0,1.0,1.0,1.0,1.0,1.0,1.0,1.0,1.0,1.0,1.0,1.0,1.0,1.0,1.0,1.0,1.0,1.0,1.0,1.0,1.0,1.0,1.0,1.0,1.0,1.0,1.0,1.0,1.0,1.0,1.0,1.0,1.0,1.0,1.0,1.0,1.0,1.0,1.0,1.0,1.0,1.0,1.0,1.0,1.0,1.0,1.0,1.0,1.0,1.0,1.0,1.0,1.0,1.0,1.0,1.0,1.0,1.0,1.0,1.0,1.0,1.0,1.0,1.0,1.0,1.0,1.0,1.0,1.0,1.0,1.0,1.0,1.0,1.0,1.0,1.0,1.0,1.0,1.0,1.0,1.0,1.0,1.0,1.0,1.0,1.0,1.0,1.0,1.0,1.0,1.0,1.0,1.0,1.0,1.0,1.0,1.0,1.0
eye_eye_delay_video_send,2296.0,2335.0,2300.0,2256.0,2193.0,2120.0,2056.5,2010.5,2002.5,1917.0,1808.5,1650.5,1626.5,1717.5,1800.0,1882.5,1929.5,1997.5,2104.0,2201.0,2239.0,2134.5,2142.5,2147.5,2156.5,2225.0,2217.0,2178.5,2463.5,2371.5,2255.0,2310.5,2433.0,2420.0,2401.0,2372.0,2122.5,1939.5,1993.5,2125.0,2144.5,2159.0,2168.0,2066.0,1998.5,2172.0,2258.0,2278.0,2290.5,2274.5,2340.5,2411.5,2380.0,2354.5,2345.0,2332.5,2341.0,2343.0,2371.0,2285.5,2280.5,2337.0,2299.0,2093.5,2110.0,2123.0,2299.0,2344.0,2306.0,2263.0,2198.0,2125.0,2062.5,2016.5,2008.5,1922.0,1812.5,1656.5,1631.5,1722.5,1799.0,1865.5,1935.5,2000.5,2103.0,2197.0,2242.0,2137.5,2145.5,2150.5,2159.5,2228.0,2220.0,2286.5,2261.5,2375.5,2259.0,2311.5,2444.0,2426.0,2405.0,2375.0,2124.5,1942.5,1995.5,2126.0,2140.5,2153.0,2165.0,2064.0,1993.5,2163.0,2257.0,2282.0,2292.5,2275.5,2343.5,2414.5,2383.0,2355.5,2346.0,2333.5,2341.0,2342.0,2369.0,2284.5,2285.5,2339.0,2304.0,2097.5,2114.0,2127.0,1894.0,1433.0,1428.0,1396.5,1373.5,1251.0,1271.5,1291.5,1232.0,1308.0,1383.5,1415.5,1489.0,1605.5,1699.5,1741.0,1759.0,1920.5,2031.0,1910.5,1826.0,1963.0,2152.0,2256.0,2254.5,2287.5,2314.0,2211.5,2140.0,2188.0,2179.5,2170.5,2162.5,2194.5,2316.0,2401.5,2461.0,2419.5,2463.5,2441.5,2227.0,2107.0,2183.0,2570.5,2634.0,2390.0,2433.5,2546.5,2549.0,2355.5,2431.0,2483.0,2566.5,2615.0,2647.0,2624.5,2371.0,2427.5,2611.5,2687.0,2686.0,2681.0,2383.0,2465.0,2538.0,2306.5,1901.0,1439.0,1434.0,1402.5,1379.5,1256.0,1276.5,1294.5,1237.0,1312.0,1388.5,1419.5,1493.0,1609.5,1696.5,1745.0,1761.0,1923.5,2033.0,1911.5,1828.0,1965.0,2153.0,2255.0,2255.5,2289.5,2312.0,2212.5,2140.0,2190.0,2181.5,2173.5,2164.5,2194.5,2317.0,2402.5,2462.0,2420.5,2464.5,2442.5,2228.0,2107.0,2183.0,2362.5,2641.0,2387.0,2433.5,2543.5,2538.0,2354.5,2435.0,2482.0,2568.5,2613.0,2647.0,2624.5,2371.0,2427.5,2611.5,2687.0,2686.0,2682.0,2382.0,2465.0,2536.0,2306.5,291.0,204.0,264.0,435.5,460.5,423.5,445.0,415.0,356.0,312.0,365.0,494.5,460.0,356.5,284.5,314.0,401.0,479.5,472.5,364.5,317.5,281.5,327.5,357.5,380.5,465.5,526.5,498.5,372.0,282.5,325.5,428.0,493.0,470.0,448.5,520.5,578.0,530.5,390.5,385.5,382.5,377.5,379.0,295.0,232.0,317.5,373.5,261.5,305.0,333.5,380.5,422.0,412.5,404.5,304.0,326.0,341.5,258.0,210.5,201.0,190.5,248.0,351.0,427.0,416.5,312.0,270.0,203.0,319.0,442.5,453.5,422.5,406.0,403.0,346.0,334.0,447.0,491.5,457.0,353.5,279.5,311.0,397.0,481.5,469.5,362.5,312.5,279.5,324.5,354.5,377.5,462.5,523.5,496.5,370.0,280.5,323.5,429.0,497.0,467.0,446.5,519.5,579.0,535.5,398.5,395.5,393.5,324.5,323.0,328.0,266.0,347.5,390.5,264.5,307.0,363.5,416.5,442.0,430.5,422.5,320.0,342.0,356.5,281.0,224.5,212.0,200.5,257.0,360.0,436.0,425.5,321.0
kpi_video_synchronization,1,1,1,1,1,1,1,1,1,1,1,1,1,1,1,1,1,1,1,1,1,1,1,1,1,1,1,1,1,1,1,1,1,1,1,1,1,1,1,1,1,1,1,1,1,1,1,1,1,1,1,1,1,1,1,1,1,1,1,1,1,1,1,1,1,1,1,1,1,1,1,1,1,1,1,1,1,1,1,1,1,1,1,1,1,1,1,1,1,1,1,1,1,1,1,1,1,1,1,1,1,1,1,1,1,1,1,1,1,1,1,1,1,1,1,1,1,1,1,1,1,1,1,1,1,1,1,1,1,1,1,1,1,1,1,1,1,1,1,1,1,1,1,1,1,1,1,1,1,1,1,1,1,1,1,1,1,1,1,1,1,1,1,1,1,1,1,1,1,1,1,1,1,1,1,1,1,1,1,1,1,1,1,1,1,1,1,1,1,1,1,1,1,1,1,1,1,1,1,1,1,1,1,1,1,1,1,1,1,1,1,1,1,1,1,1,1,1,1,1,1,1,1,1,1,1,1,1,1,1,1,1,1,1,1,1,1,1,1,1,1,1,1,1,1,1,1,1,1,1,1,1,1,1,1,1,1,1,1,1,1,1,1,1,2.4533333333333336,3.6133333333333333,2.8133333333333335,1,1,1,1,1,1.586666666666667,2.1733333333333333,1.4666666666666668,1,1,1.58,2.54,2.1466666666666665,1,1,1,1.4733333333333336,2.1000000000000005,2.58,1.9666666666666668,1.5666666666666664,1.2599999999999998,1,1,1,1.373333333333333,2.566666666666667,1.9933333333333336,1,1,1,1,1,1,1,1.126666666666667,1.1933333333333334,1.2333333333333334,1.3000000000000003,1.2800000000000002,2.4000000000000004,3.24,2.1000000000000005,1.3533333333333335,2.8466666666666667,2.266666666666667,1.8866666666666667,1.2599999999999998,1,1,1,2.2800000000000002,1.9866666666666672,1.7800000000000002,2.8933333333333335,3.526666666666667,3.6533333333333333,3.7933333333333334,3.026666666666667,1.6533333333333338,1,1,2.1733333333333333,2.7333333333333334,3.626666666666667,2.08,1,1,1,1,1,1.7200000000000002,1.8800000000000003,1,1,1,1.62,2.606666666666667,2.186666666666667,1.04,1,1,1.5,2.166666666666667,2.606666666666667,2.006666666666667,1.606666666666667,1.3000000000000003,1,1,1,1.4,2.5933333333333337,2.0200000000000005,1,1,1,1,1,1,1,1.0200000000000005,1.06,1.086666666666667,2.006666666666667,2.026666666666667,1.9600000000000004,2.786666666666667,1.7000000000000002,1.126666666666667,2.8066666666666666,2.24,1.4866666666666672,1,1,1,1,2.0666666666666664,1.7733333333333334,1.58,2.586666666666667,3.34,3.506666666666667,3.66,2.9066666666666667,1.5333333333333332,1,1,2.0533333333333337
av_delay_send,1280.5,1577.5,1687.5,1075.5,1037.5,1027.5,1270.0,268.0,151.0,141.5,277.0,437.0,1192.0,1129.0,992.5,1105.5,1016.5,987.5,841.0,776.0,858.0,881.5,934.5,1007.5,860.5,781.0,1381.5,1450.0,1159.0,1353.0,1415.5,1526.5,1476.0,1504.0,1481.0,1421.0,1454.5,1203.5,1185.5,1037.0,961.5,947.0,983.0,1215.0,1411.5,1327.0,1175.0,1181.0,1094.5,1192.5,1436.5,1343.5,1317.0,1290.5,1216.0,1252.5,850.0,1003.0,1089.0,1187.0,1172.0,903.5,1022.5,1227.0,1292.5,1949.5,1224.5,1261.5,1454.5,1731.5,960.5,1243.5,1139.0,234.0,288.0,328.5,260.0,427.0,1169.0,1068.0,1026.5,1073.5,1021.5,958.5,893.0,762.0,760.0,949.5,871.5,962.5,912.5,793.0,1371.5,1309.0,1276.0,1297.0,1420.5,1416.5,1393.0,1436.0,1457.0,1495.0,1564.5,1173.5,1152.5,1053.0,941.5,927.0,955.0,1115.0,1346.5,1209.0,1212.0,1184.0,1163.5,1115.5,1391.5,1353.5,1325.0,1318.5,1192.0,1216.5,805.0,859.0,942.0,1228.0,1097.0,1063.5,945.5,1203.0,1231.5,1968.5,2851.5,3317.5,595.5,625.0,637.0,737.5,742.0,674.0,901.0,746.0,676.5,688.5,649.0,519.5,425.5,621.0,2082.5,1787.0,1716.5,1837.0,1876.5,1784.5,1038.5,942.5,929.0,936.0,1037.5,1129.0,1200.5,1152.5,1211.0,1177.0,1593.5,1471.5,1401.0,1273.5,531.0,581.5,524.5,564.5,903.0,982.0,1558.5,1425.0,1088.5,1014.0,945.5,618.5,704.0,927.5,980.0,970.5,927.0,770.5,749.5,907.0,1075.5,1577.0,1463.0,1098.5,1028.5,1114.5,1181.5,1046.5,987.5,1370.0,2834.5,3365.5,593.5,588.0,607.0,750.5,700.0,754.0,816.0,769.0,667.5,678.5,634.0,639.5,650.5,441.0,2018.5,1748.0,1724.5,1756.0,1853.5,1812.5,1217.5,894.5,900.0,917.0,981.5,1238.0,1240.5,1230.5,1249.0,1150.0,1551.5,1541.5,1433.0,1312.5,547.0,587.5,584.5,543.5,935.0,981.0,1542.5,1609.0,1173.5,1024.0,1007.5,750.5,661.0,905.5,878.0,963.5,855.0,750.5,782.5,879.0,1102.5,1635.0,1499.0,1010.5,1012.5,1103.5,1127.5,1042.5,982.5,1268.0,1456.0,1551.0,1484.0,1312.5,1291.5,750.0,732.5,762.5,817.5,860.5,872.5,736.0,776.5,876.0,942.0,1381.5,1280.5,1202.0,1221.0,1316.0,1362.0,1405.0,1353.0,1330.0,1301.0,1216.0,1264.5,1289.5,1416.0,1505.5,1462.5,1360.0,1081.0,1104.0,1011.5,945.5,881.0,927.5,1067.5,1166.0,1177.0,1176.0,1170.5,1256.5,1711.5,1626.0,1572.0,1683.0,1639.5,1610.0,1568.0,1150.5,1148.0,1170.0,1250.0,1224.0,1209.5,1295.0,1341.5,1351.0,1358.5,1353.5,1254.5,1175.5,1186.0,1298.5,1485.0,1544.0,1448.0,1313.5,1297.5,759.0,770.5,778.5,836.5,839.5,787.5,739.0,773.5,875.0,957.0,1370.5,1285.5,1201.0,1234.0,1319.0,1367.0,1414.0,1356.0,1340.0,1304.0,1218.0,1265.5,1291.5,1418.0,1507.5,1464.5,1361.0,1077.0,1107.0,1010.5,939.5,880.0,922.5,1059.5,1167.0,1158.0,1226.0,1229.5,1245.5,1679.5,1598.0,1555.0,1691.0,1642.5,1582.0,1533.0,1127.5,1142.0,1144.0,1235.0,1219.0,1196.5,1272.0,1336.5,1338.0,1360.5,1345.5,1243.5,1167.5,1176.0,1294.5
kpi_av_synchronization,1,1,1,1,1,1,1,1,1,1,1,1,1,1,1,1,1,1,1,1,1,1,1,1,1,1,1,1,1,1,1,1,1,1,1,1,1,1,1,1,1,1,1,1,1,1,1,1,1,1,1,1,1,1,1,1,1,1,1,1,1,1,1,1,1,1,1,1,1,1,1,1,1,1,1,1,1,1,1,1,1,1,1,1,1,1,1,1,1,1,1,1,1,1,1,1,1,1,1,1,1,1,1,1,1,1,1,1,1,1,1,1,1,1,1,1,1,1,1,1,1,1,1,1,1,1,1,1,1,1,1,1,1,1,1,1,1,1,1,1,1,1,1,1,1,1,1,1,1,1,1,1,1,1,1,1,1,1,1,1,1,1,1,1,1,1,1,1,1,1,1,1,1,1,1,1,1,1,1,1,1,1,1,1,1,1,1,1,1,1,1,1,1,1,1,1,1,1,1,1,1,1,1,1,1,1,1,1,1,1,1,1,1,1,1,1,1,1,1,1,1,1,1,1,1,1,1,1,1,1,1,1,1,1,1,1,1,1,1,1,1,1,1,1,1,1,1,1,1,1,1,1,1,1,1,1,1,1,1,1,1,1,1,1,1,1,1,1,1,1,1,1,1,1,1,1,1,1,1,1,1,1,1,1,1,1,1,1,1,1,1,1,1,1,1,1,1,1,1,1,1,1,1,1,1,1,1,1,1,1,1,1,1,1,1,1,1,1,1,1,1,1,1,1,1,1,1,1,1,1,1,1,1,1,1,1,1,1,1,1,1,1,1,1,1,1,1,1,1,1,1,1,1,1,1,1,1,1,1,1,1,1,1,1,1,1,1,1,1,1,1,1,1,1,1,1,1,1,1,1,1,1,1,1,1,1,1,1,1,1,1,1,1,1,1,1
